等级	升级需要经验	升级附加经验（万）	1转附加经验	2转附加经验	3转附加经验	4转附加经验	5转附加经验
1	100						
2	500						
3	500						
4	500						
5	500						
6	500						
7	500						
8	500						
9	500						
10	2000						
11	2000						
12	2000						
13	2000						
14	2000						
15	2000						
16	2000
17	2000
18	2000
19	2000
20	4000
21	4000
22	4000
23	4000
24	4000
25	4000
26	4000
27	4000
28	4000
29	4000
30	8000
31	8000
32	8000
33	8000
34	8000
35	8000
36	8000
37	8000
38	8000
39	8000
40	20000
41	20000
42	20000
43	20000
44	20000
45	20000
46	20000
47	20000
48	20000
49	20000
50	40000
51	40000
52	40000
53	40000
54	40000
55	40000
56	40000
57	40000
58	40000
59	40000
60	80000
61	80000
62	80000
63	80000
64	80000
65	80000
66	80000
67	80000
68	80000
69	80000
70	150000
71	150000
72	150000
73	150000
74	150000
75	150000
76	150000
77	150000
78	150000
79	150000
80	250000
81	250000
82	250000
83	250000
84	250000
85	250000
86	250000
87	250000
88	250000
89	250000
90	400000
91	400000
92	400000
93	400000
94	400000
95	400000
96	400000
97	400000
98	400000
99	400000
100	800000
101	800000
102	800000
103	800000
104	800000
105	800000
106	800000
107	800000
108	800000
109	800000
110	2000000
111	2000000
112	2000000
113	2000000
114	2000000
115	2000000
116	2000000
117	2000000
118	2000000
119	2000000
120	4000000
121	4000000
122	4000000
123	4000000
124	4000000
125	4000000
126	4000000
127	4000000
128	4000000						
129	4000000						
130	8000000			48000	64000	0	496000
131	8000000			48000	64000	144000	496000
132	8000000			48000	64000	144000	496000
133	8000000			48000	64000	144000	496000
134	8000000			48000	64000	144000	496000
135	8000000			60000	80000	140000	620000
136	8000000			60000	80000	180000	620000
137	8000000			60000	80000	180000	620000
138	8000000			60000	80000	180000	620000
139	8000000			60000	80000	180000	620000
140	15000000			90000	120000	170000	930000
141	15000000			90000	120000	270000	930000
142	15000000			90000	120000	270000	930000
143	15000000			90000	120000	270000	930000
144	15000000			90000	120000	270000	930000
145	15000000			150000	200000	250000	1550000
146	15000000			150000	200000	450000	1550000
147	15000000			150000	200000	450000	1550000
148	15000000			150000	200000	450000	1550000
149	15000000			150000	200000	450000	1550000
150	25000000		10000	240000	320000	420000	2480000
151	25000000		10000	240000	320000	720000	2480000
152	25000000		10000	240000	320000	720000	2480000
153	25000000		10000	240000	320000	720000	2480000
154	25000000		10000	240000	320000	720000	2480000
155	25000000		10000	360000	480000	680000	3720000
156	25000000		10000	360000	480000	1080000	3720000
157	25000000		10000	360000	480000	1080000	3720000
158	25000000		10000	360000	480000	1080000	3720000
159	25000000		10000	360000	480000	1080000	3720000
160	35000000		20000	540000	720000	1020000	5580000
161	35000000		20000	540000	720000	1620000	5580000
162	35000000		20000	540000	720000	1620000	5580000
163	35000000		20000	540000	720000	1620000	5580000
164	35000000		20000	540000	720000	1620000	5580000
165	35000000		20000	600000	800000	1600000	6200000
166	35000000		20000	600000	800000	1800000	6200000
167	35000000		20000	600000	800000	1800000	6200000
168	35000000		20000	600000	800000	1800000	6200000
169	35000000		20000	600000	800000	1800000	6200000
170	35000000		30000	600000	800000	1800000	6200000
171	50000000		30000	600000	800000	1800000	6200000
172	50000000		30000	600000	800000	1800000	6200000
173	50000000		30000	600000	800000	1800000	6200000
174	50000000		30000	600000	800000	1800000	6200000
175	50000000		30000	600000	800000	1800000	6200000
176	50000000		30000	600000	800000	1800000	6200000
177	50000000		30000	600000	800000	1800000	6200000
178	50000000		30000	600000	800000	1800000	6200000
179	50000000		30000	600000	800000	1800000	6200000
180	100000000		40000	600000	800000	1800000	6200000
181	100000000		40000	600000	800000	1800000	6200000
182	100000000		40000	600000	800000	1800000	6200000
183	100000000		40000	600000	800000	1800000	6200000
184	100000000		40000	600000	800000	1800000	6200000
185	100000000		40000	600000	800000	1800000	6200000
186	100000000		40000	600000	800000	1800000	6200000
187	100000000		40000	600000	800000	1800000	6200000
188	100000000		40000	600000	800000	1800000	6200000
189	100000000		40000	600000	800000	1800000	6200000
190	200000000		50000	600000	800000	1800000	6200000
191	200000000		50000	600000	800000	1800000	6200000
192	200000000		50000	600000	800000	1800000	6200000
193	200000000		50000	600000	800000	1800000	6200000
194	200000000		50000	600000	800000	1800000	6200000
195	200000000		50000	600000	800000	1800000	6200000
196	200000000		50000	600000	800000	1800000	6200000
197	200000000		50000	600000	800000	1800000	6200000
198	200000000		50000	600000	800000	1800000	6200000
199	200000000		50000	1800000	1800000	1800000	15800000
200	200000000		50000	1800000	1800000	3800000	15800000
