EqName	SwordShieldWFreeStand	ShieldSwordWFreeStand	FreeStand1	FreeStand2	FreeStand3	MeleeWStand	RangeWStand	DoubleWStand	SwordShieldWStand	ShieldSwordWStand	GuqinWStand1	GuqinWStand2	FreeWalk	NormalWalk	MeleeWWalk	RangeWWalk	DoubleWWalk	SwordShieldWWalk	ShieldSwordWWalk	GuqinWWalk	FreeRun	NormalRun	MeleeWRun	RangeWRun	DoubleWRun	SwordShieldWRun	ShieldSwordWRun	GuqinWRun	FreeWound	MeleeWWound	RangeWWound	DoubleWWound	SwordShieldWWound	ShieldSwordWWound	GuqinWWound	FreeDie	MeleeWDie	RangeWDie	DoubleWDie	SwordShieldWDie	ShieldSwordWDie	GuqinWDie	FreeAttack	MeleeWPuncture	MeleeWCut	RangeWPuncture	RangeWCut	DoubleWPull	DoubleWPound	SwordShieldWChop	SwordShieldWCut	ShieldSwordWChop	ShieldSwordWCut	GuqinWPuncture	GuqinWCut	DartThrow	FreeMagic	MeleeWMagic	RangeWMagic	DoubleWMagic	SwordShieldWMagic	ShieldSwordWMagic	GuqinWMagic	SitDown	Jump	RideStand	RideWalk	RideRun	RideCut	RidePuncture	RideMagic	RideWound	RideDie	RideStand1	RideStand2	ChangeColor
Tay kh«ng	120,8,1	120,8,1	120,8,1	120,8,1	88,8,1	88,8,1							120,8,1	120,8,1	120,8,1						88,8,1	88,8,1	88,8,1						72,8,1	64,8,1						96,8,1	88,8,1						144,8,1	128,8,1	112,8,1											128,8,1	96,8,1	96,8,1						72,8,1	160,8,1	112,8,1	96,8,1	80,8,1	96,8,1	112,8,1	96,8,1	48,8,1	112,8,1	112,8,1	112,8,1	
®¬n thñ kiÕm 1	120,8,1	120,8,1	120,8,1	120,8,1	88,8,1	88,8,1							120,8,1	120,8,1	120,8,1						88,8,1	88,8,1	88,8,1						72,8,1	64,8,1						96,8,1	88,8,1						144,8,1	128,8,1	112,8,1											128,8,1	96,8,1	96,8,1						72,8,1	160,8,1	112,8,1	96,8,1	80,8,1	96,8,1	112,8,1	96,8,1	48,8,1	112,8,1	112,8,1	112,8,1	
®¬n thñ kiÕm 2	120,8,1	120,8,1	120,8,1	120,8,1	88,8,1	88,8,1							120,8,1	120,8,1	120,8,1						88,8,1	88,8,1	88,8,1						72,8,1	64,8,1						96,8,1	88,8,1						144,8,1	128,8,1	112,8,1											128,8,1	96,8,1	96,8,1						72,8,1	160,8,1	112,8,1	96,8,1	80,8,1	96,8,1	112,8,1	96,8,1	48,8,1	112,8,1	112,8,1	112,8,1	
®¬n thñ kiÕm 3	120,8,1	120,8,1	120,8,1	120,8,1	88,8,1	88,8,1							120,8,1	120,8,1	120,8,1						88,8,1	88,8,1	88,8,1						72,8,1	64,8,1						96,8,1	88,8,1						144,8,1	128,8,1	112,8,1											128,8,1	96,8,1	96,8,1						72,8,1	160,8,1	112,8,1	96,8,1	80,8,1	96,8,1	112,8,1	96,8,1	48,8,1	112,8,1	112,8,1	112,8,1	
®¬n thñ ®ao 1	120,8,1	120,8,1	120,8,1	120,8,1	88,8,1	88,8,1							120,8,1	120,8,1	120,8,1						88,8,1	88,8,1	88,8,1						72,8,1	64,8,1						96,8,1	88,8,1						144,8,1	128,8,1	112,8,1											128,8,1	96,8,1	96,8,1						72,8,1	160,8,1	112,8,1	96,8,1	80,8,1	96,8,1	112,8,1	96,8,1	48,8,1	112,8,1	112,8,1	112,8,1	
®¬n thñ ®ao 2	120,8,1	120,8,1	120,8,1	120,8,1	88,8,1	88,8,1							120,8,1	120,8,1	120,8,1						88,8,1	88,8,1	88,8,1						72,8,1	64,8,1						96,8,1	88,8,1						144,8,1	128,8,1	112,8,1											128,8,1	96,8,1	96,8,1						72,8,1	160,8,1	112,8,1	96,8,1	80,8,1	96,8,1	112,8,1	96,8,1	48,8,1	112,8,1	112,8,1	112,8,1	
®¬n thñ ®ao 3	120,8,1	120,8,1	120,8,1	120,8,1	88,8,1	88,8,1							120,8,1	120,8,1	120,8,1						88,8,1	88,8,1	88,8,1						72,8,1	64,8,1						96,8,1	88,8,1						144,8,1	128,8,1	112,8,1											128,8,1	96,8,1	96,8,1						72,8,1	160,8,1	112,8,1	96,8,1	80,8,1	96,8,1	112,8,1	96,8,1	48,8,1	112,8,1	112,8,1	112,8,1	
Lo¹i tr­êng th­¬ng 1	120,8,1	120,8,1	120,8,1	120,8,1	88,8,1	88,8,1							120,8,1	120,8,1	120,8,1						88,8,1	88,8,1	88,8,1						72,8,1	64,8,1						96,8,1	88,8,1						144,8,1	128,8,1	112,8,1											128,8,1	96,8,1	96,8,1						72,8,1	160,8,1	112,8,1	96,8,1	80,8,1	96,8,1	112,8,1	96,8,1	48,8,1	112,8,1	112,8,1	112,8,1	
Lo¹i tr­êng th­¬ng 2	120,8,1	120,8,1	120,8,1	120,8,1	88,8,1	88,8,1							120,8,1	120,8,1	120,8,1						88,8,1	88,8,1	88,8,1						72,8,1	64,8,1						96,8,1	88,8,1						144,8,1	128,8,1	112,8,1											128,8,1	96,8,1	96,8,1						72,8,1	160,8,1	112,8,1	96,8,1	80,8,1	96,8,1	112,8,1	96,8,1	48,8,1	112,8,1	112,8,1	112,8,1	
Lo¹i tr­êng th­¬ng 3	120,8,1	120,8,1	120,8,1	120,8,1	88,8,1	88,8,1							120,8,1	120,8,1	120,8,1						88,8,1	88,8,1	88,8,1						72,8,1	64,8,1						96,8,1	88,8,1						144,8,1	128,8,1	112,8,1											128,8,1	96,8,1	96,8,1						72,8,1	160,8,1	112,8,1	96,8,1	80,8,1	96,8,1	112,8,1	96,8,1	48,8,1	112,8,1	112,8,1	112,8,1	
Lo¹i tr­êng c«n 1	120,8,1	120,8,1	120,8,1	120,8,1	88,8,1	88,8,1							120,8,1	120,8,1	120,8,1						88,8,1	88,8,1	88,8,1						72,8,1	64,8,1						96,8,1	88,8,1						144,8,1	128,8,1	112,8,1											128,8,1	96,8,1	96,8,1						72,8,1	160,8,1	112,8,1	96,8,1	80,8,1	96,8,1	112,8,1	96,8,1	48,8,1	112,8,1	112,8,1	112,8,1	
Lo¹i tr­êng c«n 2	120,8,1	120,8,1	120,8,1	120,8,1	88,8,1	88,8,1							120,8,1	120,8,1	120,8,1						88,8,1	88,8,1	88,8,1						72,8,1	64,8,1						96,8,1	88,8,1						144,8,1	128,8,1	112,8,1											128,8,1	96,8,1	96,8,1						72,8,1	160,8,1	112,8,1	96,8,1	80,8,1	96,8,1	112,8,1	96,8,1	48,8,1	112,8,1	112,8,1	112,8,1	
Lo¹i tr­êng c«n 3	120,8,1	120,8,1	120,8,1	120,8,1	88,8,1	88,8,1							120,8,1	120,8,1	120,8,1						88,8,1	88,8,1	88,8,1						72,8,1	64,8,1						96,8,1	88,8,1						144,8,1	128,8,1	112,8,1											128,8,1	96,8,1	96,8,1						72,8,1	160,8,1	112,8,1	96,8,1	80,8,1	96,8,1	112,8,1	96,8,1	48,8,1	112,8,1	112,8,1	112,8,1	
Lo¹i Song kiÕm 1	120,8,1	120,8,1	120,8,1	120,8,1	88,8,1	88,8,1		88,8,1					120,8,1	120,8,1	120,8,1		120,8,1				88,8,1	88,8,1	88,8,1		88,8,1				72,8,1	64,8,1		96,8,1				96,8,1	88,8,1		144,8,1				144,8,1	128,8,1	112,8,1			128,8,1	96,8,1							128,8,1	96,8,1	96,8,1		128,8,1				72,8,1	160,8,1	112,8,1	96,8,1	80,8,1	96,8,1	112,8,1	96,8,1	48,8,1	112,8,1	112,8,1	112,8,1	
Lo¹i Song kiÕm 2	120,8,1	120,8,1	120,8,1	120,8,1	88,8,1	88,8,1		88,8,1					120,8,1	120,8,1	120,8,1		120,8,1				88,8,1	88,8,1	88,8,1		88,8,1				72,8,1	64,8,1		96,8,1				96,8,1	88,8,1		144,8,1				144,8,1	128,8,1	112,8,1			128,8,1	96,8,1							128,8,1	96,8,1	96,8,1		128,8,1				72,8,1	160,8,1	112,8,1	96,8,1	80,8,1	96,8,1	112,8,1	96,8,1	48,8,1	112,8,1	112,8,1	112,8,1	
Lo¹i Song kiÕm 3	120,8,1	120,8,1	120,8,1	120,8,1	88,8,1	88,8,1		88,8,1					120,8,1	120,8,1	120,8,1		120,8,1				88,8,1	88,8,1	88,8,1		88,8,1				72,8,1	64,8,1		96,8,1				96,8,1	88,8,1		144,8,1				144,8,1	128,8,1	112,8,1			128,8,1	96,8,1							128,8,1	96,8,1	96,8,1		128,8,1				72,8,1	160,8,1	112,8,1	96,8,1	80,8,1	96,8,1	112,8,1	96,8,1	48,8,1	112,8,1	112,8,1	112,8,1	
Lo¹i Song chïy 1	120,8,1	120,8,1	120,8,1	120,8,1	88,8,1	88,8,1		88,8,1					120,8,1	120,8,1	120,8,1		120,8,1				88,8,1	88,8,1	88,8,1		88,8,1				72,8,1	64,8,1		96,8,1				96,8,1	88,8,1		144,8,1				144,8,1	128,8,1	112,8,1			128,8,1	96,8,1							128,8,1	96,8,1	96,8,1		128,8,1				72,8,1	160,8,1	112,8,1	96,8,1	80,8,1	96,8,1	112,8,1	96,8,1	48,8,1	112,8,1	112,8,1	112,8,1	
Lo¹i Song chïy 2	120,8,1	120,8,1	120,8,1	120,8,1	88,8,1	88,8,1		88,8,1					120,8,1	120,8,1	120,8,1		120,8,1				88,8,1	88,8,1	88,8,1		88,8,1				72,8,1	64,8,1		96,8,1				96,8,1	88,8,1		144,8,1				144,8,1	128,8,1	112,8,1			128,8,1	96,8,1							128,8,1	96,8,1	96,8,1		128,8,1				72,8,1	160,8,1	112,8,1	96,8,1	80,8,1	96,8,1	112,8,1	96,8,1	48,8,1	112,8,1	112,8,1	112,8,1	
Lo¹i Song chïy 3	120,8,1	120,8,1	120,8,1	120,8,1	88,8,1	88,8,1		88,8,1					120,8,1	120,8,1	120,8,1		120,8,1				88,8,1	88,8,1	88,8,1		88,8,1				72,8,1	64,8,1		96,8,1				96,8,1	88,8,1		144,8,1				144,8,1	128,8,1	112,8,1			128,8,1	96,8,1							128,8,1	96,8,1	96,8,1		128,8,1				72,8,1	160,8,1	112,8,1	96,8,1	80,8,1	96,8,1	112,8,1	96,8,1	48,8,1	112,8,1	112,8,1	112,8,1	
¸m khÝ 	120,8,1	120,8,1	120,8,1	120,8,1	88,8,1	88,8,1							120,8,1	120,8,1	120,8,1						88,8,1	88,8,1	88,8,1						72,8,1	64,8,1						96,8,1	88,8,1						144,8,1	128,8,1	112,8,1											128,8,1	96,8,1	96,8,1						72,8,1	160,8,1	112,8,1	96,8,1	80,8,1	96,8,1	112,8,1	96,8,1	48,8,1	112,8,1	112,8,1	112,8,1	
®¬n thñ kiÕm 4	120,8,1	120,8,1	120,8,1	120,8,1	88,8,1	88,8,1							120,8,1	120,8,1	120,8,1						88,8,1	88,8,1	88,8,1						72,8,1	64,8,1						96,8,1	88,8,1						144,8,1	128,8,1	112,8,1											128,8,1	96,8,1	96,8,1						72,8,1	160,8,1	112,8,1	96,8,1	80,8,1	96,8,1	112,8,1	96,8,1	48,8,1	112,8,1	112,8,1	112,8,1	
®¬n thñ kiÕm 5	120,8,1	120,8,1	120,8,1	120,8,1	88,8,1	88,8,1							120,8,1	120,8,1	120,8,1						88,8,1	88,8,1	88,8,1						72,8,1	64,8,1						96,8,1	88,8,1						144,8,1	128,8,1	112,8,1											128,8,1	96,8,1	96,8,1						72,8,1	160,8,1	112,8,1	96,8,1	80,8,1	96,8,1	112,8,1	96,8,1	48,8,1	112,8,1	112,8,1	112,8,1	
®¬n thñ ®ao 4	120,8,1	120,8,1	120,8,1	120,8,1	88,8,1	88,8,1							120,8,1	120,8,1	120,8,1						88,8,1	88,8,1	88,8,1						72,8,1	64,8,1						96,8,1	88,8,1						144,8,1	128,8,1	112,8,1											128,8,1	96,8,1	96,8,1						72,8,1	160,8,1	112,8,1	96,8,1	80,8,1	96,8,1	112,8,1	96,8,1	48,8,1	112,8,1	112,8,1	112,8,1	
®¬n thñ ®ao 5	120,8,1	120,8,1	120,8,1	120,8,1	88,8,1	88,8,1							120,8,1	120,8,1	120,8,1						88,8,1	88,8,1	88,8,1						72,8,1	64,8,1						96,8,1	88,8,1						144,8,1	128,8,1	112,8,1											128,8,1	96,8,1	96,8,1						72,8,1	160,8,1	112,8,1	96,8,1	80,8,1	96,8,1	112,8,1	96,8,1	48,8,1	112,8,1	112,8,1	112,8,1	
Lo¹i tr­êng th­¬ng 4	120,8,1	120,8,1	120,8,1	120,8,1	88,8,1	88,8,1							120,8,1	120,8,1	120,8,1						88,8,1	88,8,1	88,8,1						72,8,1	64,8,1						96,8,1	88,8,1						144,8,1	128,8,1	112,8,1											128,8,1	96,8,1	96,8,1						72,8,1	160,8,1	112,8,1	96,8,1	80,8,1	96,8,1	112,8,1	96,8,1	48,8,1	112,8,1	112,8,1	112,8,1	
Lo¹i tr­êng th­¬ng 5	120,8,1	120,8,1	120,8,1	120,8,1	88,8,1	88,8,1							120,8,1	120,8,1	120,8,1						88,8,1	88,8,1	88,8,1						72,8,1	64,8,1						96,8,1	88,8,1						144,8,1	128,8,1	112,8,1											128,8,1	96,8,1	96,8,1						72,8,1	160,8,1	112,8,1	96,8,1	80,8,1	96,8,1	112,8,1	96,8,1	48,8,1	112,8,1	112,8,1	112,8,1	
Lo¹i tr­êng c«n 4	120,8,1	120,8,1	120,8,1	120,8,1	88,8,1	88,8,1							120,8,1	120,8,1	120,8,1						88,8,1	88,8,1	88,8,1						72,8,1	64,8,1						96,8,1	88,8,1						144,8,1	128,8,1	112,8,1											128,8,1	96,8,1	96,8,1						72,8,1	160,8,1	112,8,1	96,8,1	80,8,1	96,8,1	112,8,1	96,8,1	48,8,1	112,8,1	112,8,1	112,8,1	
Lo¹i tr­êng c«n 5	120,8,1	120,8,1	120,8,1	120,8,1	88,8,1	88,8,1							120,8,1	120,8,1	120,8,1						88,8,1	88,8,1	88,8,1						72,8,1	64,8,1						96,8,1	88,8,1						144,8,1	128,8,1	112,8,1											128,8,1	96,8,1	96,8,1						72,8,1	160,8,1	112,8,1	96,8,1	80,8,1	96,8,1	112,8,1	96,8,1	48,8,1	112,8,1	112,8,1	112,8,1	
Lo¹i Song kiÕm 4	120,8,1	120,8,1	120,8,1	120,8,1	88,8,1	88,8,1		88,8,1					120,8,1	120,8,1	120,8,1		120,8,1				88,8,1	88,8,1	88,8,1		88,8,1				72,8,1	64,8,1		96,8,1				96,8,1	88,8,1		144,8,1				144,8,1	128,8,1	112,8,1			128,8,1	96,8,1							128,8,1	96,8,1	96,8,1		128,8,1				72,8,1	160,8,1	112,8,1	96,8,1	80,8,1	96,8,1	112,8,1	96,8,1	48,8,1	112,8,1	112,8,1	112,8,1	
Lo¹i Song kiÕm 5	120,8,1	120,8,1	120,8,1	120,8,1	88,8,1	88,8,1		88,8,1					120,8,1	120,8,1	120,8,1		120,8,1				88,8,1	88,8,1	88,8,1		88,8,1				72,8,1	64,8,1		96,8,1				96,8,1	88,8,1		144,8,1				144,8,1	128,8,1	112,8,1			128,8,1	96,8,1							128,8,1	96,8,1	96,8,1		128,8,1				72,8,1	160,8,1	112,8,1	96,8,1	80,8,1	96,8,1	112,8,1	96,8,1	48,8,1	112,8,1	112,8,1	112,8,1	
Lo¹i Song chïy 4	120,8,1	120,8,1	120,8,1	120,8,1	88,8,1	88,8,1		88,8,1					120,8,1	120,8,1	120,8,1		120,8,1				88,8,1	88,8,1	88,8,1		88,8,1				72,8,1	64,8,1		96,8,1				96,8,1	88,8,1		144,8,1				144,8,1	128,8,1	112,8,1			128,8,1	96,8,1							128,8,1	96,8,1	96,8,1		128,8,1				72,8,1	160,8,1	112,8,1	96,8,1	80,8,1	96,8,1	112,8,1	96,8,1	48,8,1	112,8,1	112,8,1	112,8,1	
Lo¹i Song chïy 5	120,8,1	120,8,1	120,8,1	120,8,1	88,8,1	88,8,1		88,8,1					120,8,1	120,8,1	120,8,1		120,8,1				88,8,1	88,8,1	88,8,1		88,8,1				72,8,1	64,8,1		96,8,1				96,8,1	88,8,1		144,8,1				144,8,1	128,8,1	112,8,1			128,8,1	96,8,1							128,8,1	96,8,1	96,8,1		128,8,1				72,8,1	160,8,1	112,8,1	96,8,1	80,8,1	96,8,1	112,8,1	96,8,1	48,8,1	112,8,1	112,8,1	112,8,1	
<<Î´·­Òë>>	120,8,1	120,8,1	120,8,1	120,8,1	88,8,1	88,8,1							120,8,1	120,8,1	120,8,1						88,8,1	88,8,1	88,8,1						72,8,1	64,8,1						96,8,1	88,8,1						144,8,1	128,8,1	112,8,1											128,8,1	96,8,1	96,8,1						72,8,1	160,8,1	112,8,1	96,8,1	80,8,1	96,8,1	112,8,1	96,8,1	48,8,1	112,8,1	112,8,1	112,8,1	
<<Î´·­Òë>>	120,8,1	120,8,1	120,8,1	120,8,1	88,8,1	88,8,1							120,8,1	120,8,1	120,8,1						88,8,1	88,8,1	88,8,1						72,8,1	64,8,1						96,8,1	88,8,1						144,8,1	128,8,1	112,8,1											128,8,1	96,8,1	96,8,1						72,8,1	160,8,1	112,8,1	96,8,1	80,8,1	96,8,1	112,8,1	96,8,1	48,8,1	112,8,1	112,8,1	112,8,1	
<<Î´·­Òë>>	120,8,1	120,8,1	120,8,1	120,8,1	88,8,1	88,8,1							120,8,1	120,8,1	120,8,1						88,8,1	88,8,1	88,8,1						72,8,1	64,8,1						96,8,1	88,8,1						144,8,1	128,8,1	112,8,1											128,8,1	96,8,1	96,8,1						72,8,1	160,8,1	112,8,1	96,8,1	80,8,1	96,8,1	112,8,1	96,8,1	48,8,1	112,8,1	112,8,1	112,8,1	
<<Î´·­Òë>>	120,8,1	120,8,1	120,8,1	120,8,1	88,8,1	88,8,1							120,8,1	120,8,1	120,8,1						88,8,1	88,8,1	88,8,1						72,8,1	64,8,1						96,8,1	88,8,1						144,8,1	128,8,1	112,8,1											128,8,1	96,8,1	96,8,1						72,8,1	160,8,1	112,8,1	96,8,1	80,8,1	96,8,1	112,8,1	96,8,1	48,8,1	112,8,1	112,8,1	112,8,1	
<<Î´·­Òë>>	120,8,1	120,8,1	120,8,1	120,8,1	88,8,1	88,8,1							120,8,1	120,8,1	120,8,1						88,8,1	88,8,1	88,8,1						72,8,1	64,8,1						96,8,1	88,8,1						144,8,1	128,8,1	112,8,1											128,8,1	96,8,1	96,8,1						72,8,1	160,8,1	112,8,1	96,8,1	80,8,1	96,8,1	112,8,1	96,8,1	48,8,1	112,8,1	112,8,1	112,8,1	
<<Î´·­Òë>>	120,8,1	120,8,1	120,8,1	120,8,1	88,8,1	88,8,1							120,8,1	120,8,1	120,8,1						88,8,1	88,8,1	88,8,1						72,8,1	64,8,1						96,8,1	88,8,1						144,8,1	128,8,1	112,8,1											128,8,1	96,8,1	96,8,1						72,8,1	160,8,1	112,8,1	96,8,1	80,8,1	96,8,1	112,8,1	96,8,1	48,8,1	112,8,1	112,8,1	112,8,1	
<<Î´·­Òë>>	120,8,1	120,8,1	120,8,1	120,8,1	88,8,1	88,8,1							120,8,1	120,8,1	120,8,1						88,8,1	88,8,1	88,8,1						72,8,1	64,8,1						96,8,1	88,8,1						144,8,1	128,8,1	112,8,1											128,8,1	96,8,1	96,8,1						72,8,1	160,8,1	112,8,1	96,8,1	80,8,1	96,8,1	112,8,1	96,8,1	48,8,1	112,8,1	112,8,1	112,8,1	
<<Î´·­Òë>>	120,8,1	120,8,1	120,8,1	120,8,1	88,8,1	88,8,1							120,8,1	120,8,1	120,8,1						88,8,1	88,8,1	88,8,1						72,8,1	64,8,1						96,8,1	88,8,1						144,8,1	128,8,1	112,8,1											128,8,1	96,8,1	96,8,1						72,8,1	160,8,1	112,8,1	96,8,1	80,8,1	96,8,1	112,8,1	96,8,1	48,8,1	112,8,1	112,8,1	112,8,1	
<<Î´·­Òë>>	120,8,1	120,8,1	120,8,1	120,8,1	88,8,1	88,8,1							120,8,1	120,8,1	120,8,1						88,8,1	88,8,1	88,8,1						72,8,1	64,8,1						96,8,1	88,8,1						144,8,1	128,8,1	112,8,1											128,8,1	96,8,1	96,8,1						72,8,1	160,8,1	112,8,1	96,8,1	80,8,1	96,8,1	112,8,1	96,8,1	48,8,1	112,8,1	112,8,1	112,8,1	
<<Î´·­Òë>>	120,8,1	120,8,1	120,8,1	120,8,1	88,8,1	88,8,1							120,8,1	120,8,1	120,8,1						88,8,1	88,8,1	88,8,1						72,8,1	64,8,1						96,8,1	88,8,1						144,8,1	128,8,1	112,8,1											128,8,1	96,8,1	96,8,1						72,8,1	160,8,1	112,8,1	96,8,1	80,8,1	96,8,1	112,8,1	96,8,1	48,8,1	112,8,1	112,8,1	112,8,1	
<<Î´·­Òë>>	120,8,1	120,8,1	120,8,1	120,8,1	88,8,1	88,8,1		88,8,1					120,8,1	120,8,1	120,8,1		120,8,1				88,8,1	88,8,1	88,8,1		88,8,1				72,8,1	64,8,1		96,8,1				96,8,1	88,8,1		144,8,1				144,8,1	128,8,1	112,8,1			128,8,1	96,8,1							128,8,1	96,8,1	96,8,1		128,8,1				72,8,1	160,8,1	112,8,1	96,8,1	80,8,1	96,8,1	112,8,1	96,8,1	48,8,1	112,8,1	112,8,1	112,8,1	
<<Î´·­Òë>>	120,8,1	120,8,1	120,8,1	120,8,1	88,8,1	88,8,1		88,8,1					120,8,1	120,8,1	120,8,1		120,8,1				88,8,1	88,8,1	88,8,1		88,8,1				72,8,1	64,8,1		96,8,1				96,8,1	88,8,1		144,8,1				144,8,1	128,8,1	112,8,1			128,8,1	96,8,1							128,8,1	96,8,1	96,8,1		128,8,1				72,8,1	160,8,1	112,8,1	96,8,1	80,8,1	96,8,1	112,8,1	96,8,1	48,8,1	112,8,1	112,8,1	112,8,1	
Ë«²øÊÖ-½ð	120,8,1	120,8,1	120,8,1	120,8,1	88,8,1	88,8,1							120,8,1	120,8,1	120,8,1						88,8,1	88,8,1	88,8,1						72,8,1	64,8,1						96,8,1	88,8,1						144,8,1	128,8,1	112,8,1											128,8,1	96,8,1	96,8,1						72,8,1	160,8,1	112,8,1	96,8,1	80,8,1	96,8,1	112,8,1	96,8,1	48,8,1	112,8,1	112,8,1	112,8,1	
Ë«²øÊÖ-Ë®	120,8,1	120,8,1	120,8,1	120,8,1	88,8,1	88,8,1							120,8,1	120,8,1	120,8,1						88,8,1	88,8,1	88,8,1						72,8,1	64,8,1						96,8,1	88,8,1						144,8,1	128,8,1	112,8,1											128,8,1	96,8,1	96,8,1						72,8,1	160,8,1	112,8,1	96,8,1	80,8,1	96,8,1	112,8,1	96,8,1	48,8,1	112,8,1	112,8,1	112,8,1	
Ë«²øÊÖ-Ä¾	120,8,1	120,8,1	120,8,1	120,8,1	88,8,1	88,8,1							120,8,1	120,8,1	120,8,1						88,8,1	88,8,1	88,8,1						72,8,1	64,8,1						96,8,1	88,8,1						144,8,1	128,8,1	112,8,1											128,8,1	96,8,1	96,8,1						72,8,1	160,8,1	112,8,1	96,8,1	80,8,1	96,8,1	112,8,1	96,8,1	48,8,1	112,8,1	112,8,1	112,8,1	
Ë«²øÊÖ-»ð	120,8,1	120,8,1	120,8,1	120,8,1	88,8,1	88,8,1							120,8,1	120,8,1	120,8,1						88,8,1	88,8,1	88,8,1						72,8,1	64,8,1						96,8,1	88,8,1						144,8,1	128,8,1	112,8,1											128,8,1	96,8,1	96,8,1						72,8,1	160,8,1	112,8,1	96,8,1	80,8,1	96,8,1	112,8,1	96,8,1	48,8,1	112,8,1	112,8,1	112,8,1	
³¤¹÷-½ð¹÷	120,8,1	120,8,1	120,8,1	120,8,1	88,8,1	88,8,1							120,8,1	120,8,1	120,8,1						88,8,1	88,8,1	88,8,1						72,8,1	64,8,1						96,8,1	88,8,1						144,8,1	128,8,1	112,8,1											128,8,1	96,8,1	96,8,1						72,8,1	160,8,1	112,8,1	96,8,1	80,8,1	96,8,1	112,8,1	96,8,1	48,8,1	112,8,1	112,8,1	112,8,1	
³¤¹÷-»ð¹÷	120,8,1	120,8,1	120,8,1	120,8,1	88,8,1	88,8,1							120,8,1	120,8,1	120,8,1						88,8,1	88,8,1	88,8,1						72,8,1	64,8,1						96,8,1	88,8,1						144,8,1	128,8,1	112,8,1											128,8,1	96,8,1	96,8,1						72,8,1	160,8,1	112,8,1	96,8,1	80,8,1	96,8,1	112,8,1	96,8,1	48,8,1	112,8,1	112,8,1	112,8,1	
³¤Ç¹-½ðÇ¹	120,8,1	120,8,1	120,8,1	120,8,1	88,8,1	88,8,1							120,8,1	120,8,1	120,8,1						88,8,1	88,8,1	88,8,1						72,8,1	64,8,1						96,8,1	88,8,1						144,8,1	128,8,1	112,8,1											128,8,1	96,8,1	96,8,1						72,8,1	160,8,1	112,8,1	96,8,1	80,8,1	96,8,1	112,8,1	96,8,1	48,8,1	112,8,1	112,8,1	112,8,1	
³¤Ç¹-»ðÇ¹	120,8,1	120,8,1	120,8,1	120,8,1	88,8,1	88,8,1							120,8,1	120,8,1	120,8,1						88,8,1	88,8,1	88,8,1						72,8,1	64,8,1						96,8,1	88,8,1						144,8,1	128,8,1	112,8,1											128,8,1	96,8,1	96,8,1						72,8,1	160,8,1	112,8,1	96,8,1	80,8,1	96,8,1	112,8,1	96,8,1	48,8,1	112,8,1	112,8,1	112,8,1	
µ¥ÊÖµ¶-½ð	120,8,1	120,8,1	120,8,1	120,8,1	88,8,1	88,8,1							120,8,1	120,8,1	120,8,1						88,8,1	88,8,1	88,8,1						72,8,1	64,8,1						96,8,1	88,8,1						144,8,1	128,8,1	112,8,1											128,8,1	96,8,1	96,8,1						72,8,1	160,8,1	112,8,1	96,8,1	80,8,1	96,8,1	112,8,1	96,8,1	48,8,1	112,8,1	112,8,1	112,8,1	
µ¥ÊÖµ¶-Ä¾	120,8,1	120,8,1	120,8,1	120,8,1	88,8,1	88,8,1							120,8,1	120,8,1	120,8,1						88,8,1	88,8,1	88,8,1						72,8,1	64,8,1						96,8,1	88,8,1						144,8,1	128,8,1	112,8,1											128,8,1	96,8,1	96,8,1						72,8,1	160,8,1	112,8,1	96,8,1	80,8,1	96,8,1	112,8,1	96,8,1	48,8,1	112,8,1	112,8,1	112,8,1	
µ¥ÊÖµ¶-Ë®	120,8,1	120,8,1	120,8,1	120,8,1	88,8,1	88,8,1							120,8,1	120,8,1	120,8,1						88,8,1	88,8,1	88,8,1						72,8,1	64,8,1						96,8,1	88,8,1						144,8,1	128,8,1	112,8,1											128,8,1	96,8,1	96,8,1						72,8,1	160,8,1	112,8,1	96,8,1	80,8,1	96,8,1	112,8,1	96,8,1	48,8,1	112,8,1	112,8,1	112,8,1	
µ¥ÊÖ»ðµ¶-»ð	120,8,1	120,8,1	120,8,1	120,8,1	88,8,1	88,8,1							120,8,1	120,8,1	120,8,1						88,8,1	88,8,1	88,8,1						72,8,1	64,8,1						96,8,1	88,8,1						144,8,1	128,8,1	112,8,1											128,8,1	96,8,1	96,8,1						72,8,1	160,8,1	112,8,1	96,8,1	80,8,1	96,8,1	112,8,1	96,8,1	48,8,1	112,8,1	112,8,1	112,8,1	
µ¥ÊÖµ¶-À×	120,8,1	120,8,1	120,8,1	120,8,1	88,8,1	88,8,1							120,8,1	120,8,1	120,8,1						88,8,1	88,8,1	88,8,1						72,8,1	64,8,1						96,8,1	88,8,1						144,8,1	128,8,1	112,8,1											128,8,1	96,8,1	96,8,1						72,8,1	160,8,1	112,8,1	96,8,1	80,8,1	96,8,1	112,8,1	96,8,1	48,8,1	112,8,1	112,8,1	112,8,1	
µ¥ÊÖ½£-Ë®	120,8,1	120,8,1	120,8,1	120,8,1	88,8,1	88,8,1							120,8,1	120,8,1	120,8,1						88,8,1	88,8,1	88,8,1						72,8,1	64,8,1						96,8,1	88,8,1						144,8,1	128,8,1	112,8,1											128,8,1	96,8,1	96,8,1						72,8,1	160,8,1	112,8,1	96,8,1	80,8,1	96,8,1	112,8,1	96,8,1	48,8,1	112,8,1	112,8,1	112,8,1	
µ¥ÊÖ½£-À×	120,8,1	120,8,1	120,8,1	120,8,1	88,8,1	88,8,1							120,8,1	120,8,1	120,8,1						88,8,1	88,8,1	88,8,1						72,8,1	64,8,1						96,8,1	88,8,1						144,8,1	128,8,1	112,8,1											128,8,1	96,8,1	96,8,1						72,8,1	160,8,1	112,8,1	96,8,1	80,8,1	96,8,1	112,8,1	96,8,1	48,8,1	112,8,1	112,8,1	112,8,1	
µ¥ÊÖÀ×½£-À×	120,8,1	120,8,1	120,8,1	120,8,1	88,8,1	88,8,1							120,8,1	120,8,1	120,8,1						88,8,1	88,8,1	88,8,1						72,8,1	64,8,1						96,8,1	88,8,1						144,8,1	128,8,1	112,8,1											128,8,1	96,8,1	96,8,1						72,8,1	160,8,1	112,8,1	96,8,1	80,8,1	96,8,1	112,8,1	96,8,1	48,8,1	112,8,1	112,8,1	112,8,1	
Ë«´¸-½ð	120,8,1	120,8,1	120,8,1	120,8,1	88,8,1	88,8,1		88,8,1					120,8,1	120,8,1	120,8,1		120,8,1				88,8,1	88,8,1	88,8,1		88,8,1				72,8,1	64,8,1		96,8,1				96,8,1	88,8,1		144,8,1				144,8,1	128,8,1	112,8,1			128,8,1	96,8,1							128,8,1	96,8,1	96,8,1		128,8,1				72,8,1	160,8,1	112,8,1	96,8,1	80,8,1	96,8,1	112,8,1	96,8,1	48,8,1	112,8,1	112,8,1	112,8,1	
Ë«µ¶-Ë®	120,8,1	120,8,1	120,8,1	120,8,1	88,8,1	88,8,1		88,8,1					120,8,1	120,8,1	120,8,1		120,8,1				88,8,1	88,8,1	88,8,1		88,8,1				72,8,1	64,8,1		96,8,1				96,8,1	88,8,1		144,8,1				144,8,1	128,8,1	112,8,1			128,8,1	96,8,1							128,8,1	96,8,1	96,8,1		128,8,1				72,8,1	160,8,1	112,8,1	96,8,1	80,8,1	96,8,1	112,8,1	96,8,1	48,8,1	112,8,1	112,8,1	112,8,1	
µ¥ÊÖµ¶-·¢¹â1	120,8,1	120,8,1	120,8,1	120,8,1	88,8,1	88,8,1							120,8,1	120,8,1	120,8,1						88,8,1	88,8,1	88,8,1						72,8,1	64,8,1						96,8,1	88,8,1						144,8,1	128,8,1	112,8,1											128,8,1	96,8,1	96,8,1						72,8,1	160,8,1	112,8,1	96,8,1	80,8,1	96,8,1	112,8,1	96,8,1	48,8,1	112,8,1	112,8,1	112,8,1	
µ¥ÊÖ½£-·¢¹â1	120,8,1	120,8,1	120,8,1	120,8,1	88,8,1	88,8,1							120,8,1	120,8,1	120,8,1						88,8,1	88,8,1	88,8,1						72,8,1	64,8,1						96,8,1	88,8,1						144,8,1	128,8,1	112,8,1											128,8,1	96,8,1	96,8,1						72,8,1	160,8,1	112,8,1	96,8,1	80,8,1	96,8,1	112,8,1	96,8,1	48,8,1	112,8,1	112,8,1	112,8,1	
µ¥ÊÖ»ðµ¶-·¢¹â1	120,8,1	120,8,1	120,8,1	120,8,1	88,8,1	88,8,1							120,8,1	120,8,1	120,8,1						88,8,1	88,8,1	88,8,1						72,8,1	64,8,1						96,8,1	88,8,1						144,8,1	128,8,1	112,8,1											128,8,1	96,8,1	96,8,1						72,8,1	160,8,1	112,8,1	96,8,1	80,8,1	96,8,1	112,8,1	96,8,1	48,8,1	112,8,1	112,8,1	112,8,1	
µ¥ÊÖÀ×½£-·¢¹â1	120,8,1	120,8,1	120,8,1	120,8,1	88,8,1	88,8,1							120,8,1	120,8,1	120,8,1						88,8,1	88,8,1	88,8,1						72,8,1	64,8,1						96,8,1	88,8,1						144,8,1	128,8,1	112,8,1											128,8,1	96,8,1	96,8,1						72,8,1	160,8,1	112,8,1	96,8,1	80,8,1	96,8,1	112,8,1	96,8,1	48,8,1	112,8,1	112,8,1	112,8,1	
³¤¹÷-·¢¹â1	120,8,1	120,8,1	120,8,1	120,8,1	88,8,1	88,8,1							120,8,1	120,8,1	120,8,1						88,8,1	88,8,1	88,8,1						72,8,1	64,8,1						96,8,1	88,8,1						144,8,1	128,8,1	112,8,1											128,8,1	96,8,1	96,8,1						72,8,1	160,8,1	112,8,1	96,8,1	80,8,1	96,8,1	112,8,1	96,8,1	48,8,1	112,8,1	112,8,1	112,8,1	
³¤Ç¹-·¢¹â1	120,8,1	120,8,1	120,8,1	120,8,1	88,8,1	88,8,1							120,8,1	120,8,1	120,8,1						88,8,1	88,8,1	88,8,1						72,8,1	64,8,1						96,8,1	88,8,1						144,8,1	128,8,1	112,8,1											128,8,1	96,8,1	96,8,1						72,8,1	160,8,1	112,8,1	96,8,1	80,8,1	96,8,1	112,8,1	96,8,1	48,8,1	112,8,1	112,8,1	112,8,1	
Ë«´¸-·¢¹â1	120,8,1	120,8,1	120,8,1	120,8,1	88,8,1	88,8,1		88,8,1					120,8,1	120,8,1	120,8,1		120,8,1				88,8,1	88,8,1	88,8,1		88,8,1				72,8,1	64,8,1		96,8,1				96,8,1	88,8,1		144,8,1				144,8,1	128,8,1	112,8,1			128,8,1	96,8,1							128,8,1	96,8,1	96,8,1		128,8,1				72,8,1	160,8,1	112,8,1	96,8,1	80,8,1	96,8,1	112,8,1	96,8,1	48,8,1	112,8,1	112,8,1	112,8,1	
Ë«µ¶-·¢¹â1	120,8,1	120,8,1	120,8,1	120,8,1	88,8,1	88,8,1		88,8,1					120,8,1	120,8,1	120,8,1		120,8,1				88,8,1	88,8,1	88,8,1		88,8,1				72,8,1	64,8,1		96,8,1				96,8,1	88,8,1		144,8,1				144,8,1	128,8,1	112,8,1			128,8,1	96,8,1							128,8,1	96,8,1	96,8,1		128,8,1				72,8,1	160,8,1	112,8,1	96,8,1	80,8,1	96,8,1	112,8,1	96,8,1	48,8,1	112,8,1	112,8,1	112,8,1	
Ë«²øÊÖ-·¢¹â1	120,8,1	120,8,1	120,8,1	120,8,1	88,8,1	88,8,1							120,8,1	120,8,1	120,8,1						88,8,1	88,8,1	88,8,1						72,8,1	64,8,1						96,8,1	88,8,1						144,8,1	128,8,1	112,8,1											128,8,1	96,8,1	96,8,1						72,8,1	160,8,1	112,8,1	96,8,1	80,8,1	96,8,1	112,8,1	96,8,1	48,8,1	112,8,1	112,8,1	112,8,1	
Ë«×¦-·¢¹â1	120,8,1	120,8,1	120,8,1	120,8,1	88,8,1	88,8,1							120,8,1	120,8,1	120,8,1						88,8,1	88,8,1	88,8,1						72,8,1	64,8,1						96,8,1	88,8,1						144,8,1	128,8,1	112,8,1											128,8,1	96,8,1	96,8,1						72,8,1	160,8,1	112,8,1	96,8,1	80,8,1	96,8,1	112,8,1	96,8,1	48,8,1	112,8,1	112,8,1	112,8,1	
¿ÕÊÖ-·¢¹â1	120,8,1	120,8,1	120,8,1	120,8,1	88,8,1	88,8,1							120,8,1	120,8,1	120,8,1						88,8,1	88,8,1	88,8,1						72,8,1	64,8,1						96,8,1	88,8,1						144,8,1	128,8,1	112,8,1											128,8,1	96,8,1	96,8,1						72,8,1	160,8,1	112,8,1	96,8,1	80,8,1	96,8,1	112,8,1	96,8,1	48,8,1	112,8,1	112,8,1	112,8,1	
µ¥ÊÖµ¶-·¢¹â2	120,8,1	120,8,1	120,8,1	120,8,1	88,8,1	88,8,1							120,8,1	120,8,1	120,8,1						88,8,1	88,8,1	88,8,1						72,8,1	64,8,1						96,8,1	88,8,1						144,8,1	128,8,1	112,8,1											128,8,1	96,8,1	96,8,1						72,8,1	160,8,1	112,8,1	96,8,1	80,8,1	96,8,1	112,8,1	96,8,1	48,8,1	112,8,1	112,8,1	112,8,1	
µ¥ÊÖ½£-·¢¹â2	120,8,1	120,8,1	120,8,1	120,8,1	88,8,1	88,8,1							120,8,1	120,8,1	120,8,1						88,8,1	88,8,1	88,8,1						72,8,1	64,8,1						96,8,1	88,8,1						144,8,1	128,8,1	112,8,1											128,8,1	96,8,1	96,8,1						72,8,1	160,8,1	112,8,1	96,8,1	80,8,1	96,8,1	112,8,1	96,8,1	48,8,1	112,8,1	112,8,1	112,8,1	
µ¥ÊÖ»ðµ¶-·¢¹â2	120,8,1	120,8,1	120,8,1	120,8,1	88,8,1	88,8,1							120,8,1	120,8,1	120,8,1						88,8,1	88,8,1	88,8,1						72,8,1	64,8,1						96,8,1	88,8,1						144,8,1	128,8,1	112,8,1											128,8,1	96,8,1	96,8,1						72,8,1	160,8,1	112,8,1	96,8,1	80,8,1	96,8,1	112,8,1	96,8,1	48,8,1	112,8,1	112,8,1	112,8,1	
µ¥ÊÖÀ×½£-·¢¹â2	120,8,1	120,8,1	120,8,1	120,8,1	88,8,1	88,8,1							120,8,1	120,8,1	120,8,1						88,8,1	88,8,1	88,8,1						72,8,1	64,8,1						96,8,1	88,8,1						144,8,1	128,8,1	112,8,1											128,8,1	96,8,1	96,8,1						72,8,1	160,8,1	112,8,1	96,8,1	80,8,1	96,8,1	112,8,1	96,8,1	48,8,1	112,8,1	112,8,1	112,8,1	
³¤¹÷-·¢¹â2	120,8,1	120,8,1	120,8,1	120,8,1	88,8,1	88,8,1							120,8,1	120,8,1	120,8,1						88,8,1	88,8,1	88,8,1						72,8,1	64,8,1						96,8,1	88,8,1						144,8,1	128,8,1	112,8,1											128,8,1	96,8,1	96,8,1						72,8,1	160,8,1	112,8,1	96,8,1	80,8,1	96,8,1	112,8,1	96,8,1	48,8,1	112,8,1	112,8,1	112,8,1	
³¤Ç¹-·¢¹â2	120,8,1	120,8,1	120,8,1	120,8,1	88,8,1	88,8,1							120,8,1	120,8,1	120,8,1						88,8,1	88,8,1	88,8,1						72,8,1	64,8,1						96,8,1	88,8,1						144,8,1	128,8,1	112,8,1											128,8,1	96,8,1	96,8,1						72,8,1	160,8,1	112,8,1	96,8,1	80,8,1	96,8,1	112,8,1	96,8,1	48,8,1	112,8,1	112,8,1	112,8,1	
Ë«´¸-·¢¹â2	120,8,1	120,8,1	120,8,1	120,8,1	88,8,1	88,8,1		88,8,1					120,8,1	120,8,1	120,8,1		120,8,1				88,8,1	88,8,1	88,8,1		88,8,1				72,8,1	64,8,1		96,8,1				96,8,1	88,8,1		144,8,1				144,8,1	128,8,1	112,8,1			128,8,1	96,8,1							128,8,1	96,8,1	96,8,1		128,8,1				72,8,1	160,8,1	112,8,1	96,8,1	80,8,1	96,8,1	112,8,1	96,8,1	48,8,1	112,8,1	112,8,1	112,8,1	
Ë«µ¶-·¢¹â2	120,8,1	120,8,1	120,8,1	120,8,1	88,8,1	88,8,1		88,8,1					120,8,1	120,8,1	120,8,1		120,8,1				88,8,1	88,8,1	88,8,1		88,8,1				72,8,1	64,8,1		96,8,1				96,8,1	88,8,1		144,8,1				144,8,1	128,8,1	112,8,1			128,8,1	96,8,1							128,8,1	96,8,1	96,8,1		128,8,1				72,8,1	160,8,1	112,8,1	96,8,1	80,8,1	96,8,1	112,8,1	96,8,1	48,8,1	112,8,1	112,8,1	112,8,1	
Ë«²øÊÖ-·¢¹â2	120,8,1	120,8,1	120,8,1	120,8,1	88,8,1	88,8,1							120,8,1	120,8,1	120,8,1						88,8,1	88,8,1	88,8,1						72,8,1	64,8,1						96,8,1	88,8,1						144,8,1	128,8,1	112,8,1											128,8,1	96,8,1	96,8,1						72,8,1	160,8,1	112,8,1	96,8,1	80,8,1	96,8,1	112,8,1	96,8,1	48,8,1	112,8,1	112,8,1	112,8,1	
Ë«×¦-·¢¹â2	120,8,1	120,8,1	120,8,1	120,8,1	88,8,1	88,8,1							120,8,1	120,8,1	120,8,1						88,8,1	88,8,1	88,8,1						72,8,1	64,8,1						96,8,1	88,8,1						144,8,1	128,8,1	112,8,1											128,8,1	96,8,1	96,8,1						72,8,1	160,8,1	112,8,1	96,8,1	80,8,1	96,8,1	112,8,1	96,8,1	48,8,1	112,8,1	112,8,1	112,8,1	
¿ÕÊÖ-·¢¹â2	120,8,1	120,8,1	120,8,1	120,8,1	88,8,1	88,8,1							120,8,1	120,8,1	120,8,1						88,8,1	88,8,1	88,8,1						72,8,1	64,8,1						96,8,1	88,8,1						144,8,1	128,8,1	112,8,1											128,8,1	96,8,1	96,8,1						72,8,1	160,8,1	112,8,1	96,8,1	80,8,1	96,8,1	112,8,1	96,8,1	48,8,1	112,8,1	112,8,1	112,8,1	
Minh Ph­îng Quy Y TriÒn Thñ																																																																												
Minh Ph­îng Cùc L¹c T¨ng C«n																																																																												
Minh Ph­îng H­ Kh«ng Giíi §ao																																																																												
Minh Ph­îng ChiÕn ThÇn Chïy																																																																												
Minh Ph­îng Anh Hïng Th­¬ng																																																																												
Minh Ph­îng B¸ V­¬ng B¶o §ao																																																																												
Minh Ph­îng T¶n Hoa Tr­êng KiÕm																																																																												
Minh Ph­îng L¨ng Tiªu TriÒn Thñ																																																																												
Minh Ph­îng V¹n Hoa B¶o §ao																																																																												
Minh Ph­îng Ph­¬ng Hoa Song §ao																																																																												
Minh Ph­îng Diªm La TriÒn Thñ																																																																												
Minh Ph­îng Minh V­¬ng B¶o §ao																																																																												
Minh Ph­îng LiÔm DiÖm Phi §ao																																																																												
Minh Ph­îng Thiªn Hoang Tô TiÔn																																																																												
Minh Ph­îng Thiªn Kiªu Phi Tiªu																																																																												
Minh Ph­îng ThiÕt HuyÕt TriÒn Thñ																																																																												
Minh Ph­îng Quang Phôc Tr­îng																																																																												
Minh Ph­îng Dôc NhËt Th­¬ng																																																																												
Minh Ph­îng SÝ §Þa §ao																																																																												
Minh Ph­îng Kh«ng Minh KiÕm																																																																												
Minh Ph­îng Bång Lai KiÕm																																																																												
Minh Ph­îng Cöu Thiªn Hµn ThiÕt																																																																												
Minh Ph­îng Tham Th­¬ng KiÕm																																																																												
Tö M·ng KÕt L« KiÕm																																																																												
B¹ch Hæ Tö CÇm KiÕm																																																																												
Minh Ph­îng Tr¹m Vò KiÕm																																																																												
§»ng Long Bå §Ò TriÒn Thñ																																																																												
§»ng Long Nh­ Lai Ph¸p C«n 																																																																												
§»ng Long V« L­îng Giíi §ao																																																																												
§»ng Long Khai Thiªn ThÇn Chïy																																																																												
§»ng Long TÞch §Þa Th­¬ng																																																																												
§»ng Long Hçn Nguyªn B¶o §ao																																																																												
§»ng Long Phi Thiªn Tr­êng KiÕm																																																																												
§»ng Long B¨ng Ph¸ch TriÒn Thñ																																																																												
§»ng Long Khuynh Thµnh B¶o §ao																																																																												
§»ng Long B¸ch H­¬ng Uyªn ¦¬ng §ao																																																																												
§»ng Long V¹n §éc TriÒn Thñ																																																																												
§»ng Long V¹n Linh HuyÕt NhÉn																																																																												
§»ng Long Hçn §én Phi §ao																																																																												
§»ng Long ThÝ ThÇn Tô TiÔn																																																																												
§»ng Long Phong B¹o Phi Tiªu																																																																												
§»ng Long Hµo T×nh TriÒn Thñ																																																																												
§»ng Long Tô NghÜa Tr­îng																																																																												
§»ng Long Viªm Hoµng Th­¬ng																																																																												
§»ng Long PhÇn Thiªn B¶o §ao																																																																												
§»ng Long Ngäc H­ ThÇn KiÕm																																																																												
§»ng Long HuyÒn Thiªn ThÇn KiÕm																																																																												
§»ng Long Ph­¬ng Nguyªn B¶o §ao																																																																												
§»ng Long Th­¬ng Khung ThÇn KiÕm																																																																												
§»ng Long Tè Du KiÕm																																																																												
§»ng Long Y Thñy KiÕm																																																																												
Tinh S­¬ng-Khæ §Õ TriÒn Thñ																																																																												
Tinh S­¬ng-DiÖt §Õ Ph¸p C«n																																																																												
Tinh S­¬ng-§¹o §Õ Giíi §ao																																																																												
Tinh S­¬ng-Th«n Tµ ThÇn Chïy																																																																												
Tinh S­¬ng-L­u Kim Th­¬ng																																																																												
Tinh S­¬ng-L÷ S­¬ng B¶o §ao																																																																												
Tinh S­¬ng-L¹c Anh B¶o KiÕm																																																																												
Tinh S­¬ng-PhÊt HuyÖt TriÒn Thñ																																																																												
Tinh S­¬ng-Thiªn H­¬ng B¶o §ao																																																																												
Tinh S­¬ng-Th¸i VËn Uyªn ¦¬ng §ao																																																																												
Tinh S­¬ng-ThiÒm Phi TriÒn Thñ																																																																												
Tinh S­¬ng-Phô Cèt HuyÕt NhËn																																																																												
Tinh S­¬ng-L·nh HuyÕt Phi §ao																																																																												
Tinh S­¬ng-Né Liªn Tô TiÔn																																																																												
Tinh S­¬ng-Truy MÖnh Phi Tiªu																																																																												
Tinh S­¬ng-M·nh Long TriÒn Thñ																																																																												
Tinh S­¬ng-Ph¸ Lç Tr­îng																																																																												
Tinh S­¬ng-LuyÖn NhËt Th­¬ng																																																																												
Tinh S­¬ng-Khèc Viªm B¶o §ao																																																																												
Tinh S­¬ng-ChÊn S¬n ThÇn KiÕm																																																																												
Tinh S­¬ng-Qu©n Uy ThÇn KiÕm																																																																												
Tinh S­¬ng-Minh L«i B¶o §ao																																																																												
Tinh S­¬ng-Oanh Minh ThÇn KiÕm																																																																												
Tinh S­¬ng-H¹o Thiªn KiÕm																																																																												
Tinh S­¬ng-Thanh H­ KiÕm																																																																												
NguyÖt KhuyÕt Träng KiÕp TriÒn Thñ																																																																												
NguyÖt KhuyÕt S¸t KiÕp Ph¸p C«n																																																																												
NguyÖt KhuyÕt Ph¸ KiÕp Giíi §ao																																																																												
NguyÖt KhuyÕt PhÊn Vò ThÇn Chïy	120,8,1	120,8,1	120,8,1	120,8,1				88,8,1									120,8,1								88,8,1							96,8,1							144,8,1									128,8,1	96,8,1											128,8,1						112,8,1	96,8,1	80,8,1	96,8,1	112,8,1	96,8,1	48,8,1	112,8,1	112,8,1	112,8,1	
NguyÖt KhuyÕt Phong Yªn  Th­¬ng																																																																												
NguyÖt KhuyÕt Tr­êng Kh«ng B¶o §ao																																																																												
NguyÖt KhuyÕt Kinh Hång B¶o KiÕm																																																																												
NguyÖt KhuyÕt HiÓu NguyÖt TriÒn Thñ																																																																												
NguyÖt KhuyÕt T­¬ng T­ B¶o §ao																																																																												
NguyÖt KhuyÕt Phong NguyÖt Uyªn ¦¬ng §ao																																																																												
NguyÖt KhuyÕt B¸ch §éc TriÒn Thñ																																																																												
NguyÖt KhuyÕt U Minh HuyÕt NhÉn																																																																												
NguyÖt KhuyÕt Th«i MÖnh Phi §ao																																																																												
NguyÖt KhuyÕt BÝ §éc Tô TiÔn																																																																												
NguyÖt KhuyÕt M¹n §å Phi Tiªu																																																																												
NguyÖt KhuyÕt XÝch Long TriÒn Thñ																																																																												
NguyÖt KhuyÕt Hµo KiÖt Tr­îng																																																																												
NguyÖt KhuyÕt Tham Lang Th­¬ng																																																																												
NguyÖt KhuyÕt LiÖt D­¬ng B¶o §ao																																																																												
NguyÖt KhuyÕt Linh §éng ThÇn KiÕm																																																																												
NguyÖt KhuyÕt ¶o ¶nh ThÇn KiÕm																																																																												
NguyÖt KhuyÕt L¨ng Phong B¶o §ao																																																																												
NguyÖt KhuyÕt Méc Vò ThÇn KiÕm																																																																												
NguyÖt KhuyÕt DËt ¶nh KiÕm																																																																												
NguyÖt KhuyÕt Thanh Phong KiÕm																																																																												
DiÖu D­¬ng Méng Long TriÒn Thñ																																																																												
DiÖu D­¬ng Phôc Ma Ph¸p C«n																																																																												
DiÖu D­¬ng T­ Kh«ng Giíi §ao																																																																												
DiÖu D­¬ng H¸m Thiªn ThÇn Chïy	120,8,1	120,8,1	120,8,1	120,8,1				88,8,1									120,8,1								88,8,1							96,8,1							144,8,1									128,8,1	96,8,1											128,8,1						112,8,1	96,8,1	80,8,1	96,8,1	112,8,1	96,8,1	48,8,1	112,8,1	112,8,1	112,8,1	
DiÖu D­¬ng KÕ NghiÖp Th­¬ng																																																																												
DiÖu D­¬ng Ngù Long B¶o §ao																																																																												
DiÖu D­¬ng V« Gian B¶o KiÕm																																																																												
DiÖu D­¬ng V« Ma TriÒn Thñ																																																																												
DiÖu D­¬ng Tª Hoµng B¶o §ao																																																																												
DiÖu D­¬ng BÝch H¶i Uyªn ¦¬ng §ao																																																																												
DiÖu D­¬ng U Lung TriÒn Thñ																																																																												
DiÖu D­¬ng Minh ¶o HuyÕt NhËn																																																																												
DiÖu D­¬ng B¨ng Hµn Phi §ao																																																																												
DiÖu D­¬ng Thiªn Quang Tô TiÔn																																																																												
DiÖu D­¬ng S©m Hoang Phi Tiªu																																																																												
DiÖu D­¬ng §ång Cõu TriÒn Thñ																																																																												
DiÖu D­¬ng §Þch Kh¸i Tr­îng																																																																												
DiÖu D­¬ng Ma S¸t Th­¬ng																																																																												
DiÖu D­¬ng Ma Hoµng B¶o §ao																																																																												
DiÖu D­¬ng L¨ng Nh¹c ThÇn KiÕm																																																																												
DiÖu D­¬ng CËp Phong ThÇn KiÕm																																																																												
DiÖu D­¬ng S­¬ng Tinh B¶o §ao																																																																												
DiÖu D­¬ng L«i Khung ThÇn KiÕm																																																																												
DiÖu D­¬ng Phï V©n KiÕm																																																																												
DiÖu D­¬ng Xung V©n KiÕm																																																																												
Anh Hµo Méng Long TriÒn Thñ																																																																												
Anh Hµo Phôc Ma Ph¸p C«n																																																																												
Anh Hµo T­ Kh«ng Giíi §ao																																																																												
Anh Hµo H¸m Thiªn ThÇn Chïy																																																																												
Anh Hµo KÕ NghiÖp Th­¬ng																																																																												
Anh Hµo Ngù Long B¶o §ao																																																																												
Anh Hµo V« Gian B¶o KiÕm																																																																												
Anh Hµo V« Ma TriÒn Thñ																																																																												
Anh Hµo Tª Hoµng B¶o §ao																																																																												
Anh Hµo BÝch H¶i Uyªn ¦¬ng §ao																																																																												
Anh Hµo U Lung TriÒn Thñ																																																																												
Anh Hµo Minh ¶o HuyÕt NhËn																																																																												
Anh Hµo B¨ng Hµn Phi §ao																																																																												
Anh Hµo Thiªn Quang Tô TiÔn																																																																												
Anh Hµo S©m Hoang Phi Tiªu																																																																												
Anh Hµo §ång Cõu TriÒn Thñ																																																																												
Anh Hµo §Þch Kh¸i Tr­îng																																																																												
Anh Hµo Ma S¸t Th­¬ng																																																																												
Anh Hµo Ma Hoµng B¶o §ao																																																																												
Anh Hµo L¨ng Nh¹c ThÇn KiÕm																																																																												
Anh Hµo CËp Phong ThÇn KiÕm																																																																												
Anh Hµo S­¬ng Tinh B¶o §ao																																																																												
Anh Hµo L«i Khung ThÇn KiÕm																																																																												
Anh Hµo Phï V©n KiÕm																																																																												
Anh Hµo Xung V©n KiÕm																																																																												
Thiªn MÖnh Méng Long TriÒn Thñ 																																																																												
Thiªn MÖnh Phôc Ma Ph¸p C«n 																																																																												
Thiªn MÖnh Tø Kh«ng Giíi §ao 																																																																												
Thiªn MÖnh H¸m Thiªn ThÇn Chïy 																																																																												
Thiªn MÖnh KÕ NghiÖp Th­¬ng 																																																																												
Thiªn MÖnh Ngù Long B¶o §ao 																																																																												
Thiªn MÖnh V« Gian B¶o KiÕm 																																																																												
Thiªn MÖnh V« YÓm TriÒn Thñ 																																																																												
Thiªn MÖnh Thª Hoµng B¶o §ao 																																																																												
Thiªn MÖnh BÝch H¶i Uyªn ¦¬ng §ao 																																																																												
Thiªn MÖnh U Lung TriÒn Thñ 																																																																												
Thiªn MÖnh Minh ¶o HuyÕt NhÉn 																																																																												
Thiªn MÖnh B¨ng Hµn Phi §ao 																																																																												
Thiªn MÖnh Thiªn Quang Tô TiÔn 																																																																												
Thiªn MÖnh S©m Hoang Phi Tiªu 																																																																												
Thiªn MÖnh §ång Cõu TriÒn Thñ 																																																																												
Thiªn MÖnh §Þch Hy Tr­îng 																																																																												
Thiªn MÖnh Ma S¸t Th­¬ng 																																																																												
Thiªn MÖnh Ma Hoµng B¶o §ao 																																																																												
Thiªn MÖnh L¨ng Nh¹c ThÇn KiÕm 																																																																												
Thiªn MÖnh CËp Phong ThÇn KiÕm 																																																																												
Thiªn MÖnh S­¬ng Tinh B¶o §ao 																																																																												
Thiªn MÖnh L«i Khung ThÇn KiÕm 																																																																												
Thiªn MÖnh Phï V©n KiÕm 																																																																												
Thiªn MÖnh Xung V©n KiÕm 																																																																												
Vò Hån-§ao 1																																																																												
Vò Hån-ThuÉn 1																																																																												
Vò Hån-§ao 2																																																																												
Vò Hån-ThuÉn 2																																																																												
Vò Hån NguyÖt KhuyÕt §ao																																																																												
Vò Hån NguyÖt KhuyÕt ThuÉn																																																																												
Vò Hån DiÖu D­¬ng §ao 																																																																												
Vò Hån DiÖu D­¬ng ThuÉn 																																																																												
Vò Hån T©n Thñ-§ao																																																																												
Vò Hån T©n Thñ-ThuÉn																																																																												
Vò Hån Anh Hµo §ao																																																																												
Vò Hån Anh Hµo ThuÉn																																																																												
åÐÒ£½£1																																																																												
åÐÒ£½£2																																																																												
åÐÒ£½£3																																																																												
åÐÒ£½£4																																																																												
åÐÒ£ÇÙ1																																																																												
åÐÒ£ÇÙ2																																																																												
åÐÒ£ÇÙ3																																																																												
åÐÒ£ÇÙ4																																																																												
null																																																																												
