EqName	SwordShieldWFreeStand	ShieldSwordWFreeStand	FreeStand1	FreeStand2	FreeStand3	MeleeWStand	RangeWStand	DoubleWStand	SwordShieldWStand	ShieldSwordWStand	GuqinWStand1	GuqinWStand2	FreeWalk	NormalWalk	MeleeWWalk	RangeWWalk	DoubleWWalk	SwordShieldWWalk	ShieldSwordWWalk	GuqinWWalk	FreeRun	NormalRun	MeleeWRun	RangeWRun	DoubleWRun	SwordShieldWRun	ShieldSwordWRun	GuqinWRun	FreeWound	MeleeWWound	RangeWWound	DoubleWWound	SwordShieldWWound	ShieldSwordWWound	GuqinWWound	FreeDie	MeleeWDie	RangeWDie	DoubleWDie	SwordShieldWDie	ShieldSwordWDie	GuqinWDie	FreeAttack	MeleeWPuncture	MeleeWCut	RangeWPuncture	RangeWCut	DoubleWPull	DoubleWPound	SwordShieldWChop	SwordShieldWCut	ShieldSwordWChop	ShieldSwordWCut	GuqinWPuncture	GuqinWCut	DartThrow	FreeMagic	MeleeWMagic	RangeWMagic	DoubleWMagic	SwordShieldWMagic	ShieldSwordWMagic	GuqinWMagic	SitDown	Jump	RideStand	RideWalk	RideRun	RideCut	RidePuncture	RideMagic	RideWound	RideDie	RideStand1	RideStand2
ph«n Æ«u 01	120,8,1	120,8,1							120,8,1	120,8,1	88,8,1	88,8,1						248,8,1	248,8,1	96,8,1						96,8,1	96,8,1	88,8,1					104,8,1	104,8,1	56,8,1					104,8,1	104,8,1	120,8,1								232,8,1	192,8,1	232,8,1	192,8,1	80,8,1	184,8,1						176,8,1	176,8,1	96,8,1												
ph«n Æ«u 02	120,8,1	120,8,1							120,8,1	120,8,1	88,8,1	88,8,1						248,8,1	248,8,1	96,8,1						96,8,1	96,8,1	88,8,1					104,8,1	104,8,1	56,8,1					104,8,1	104,8,1	120,8,1								232,8,1	192,8,1	232,8,1	192,8,1	80,8,1	184,8,1						176,8,1	176,8,1	96,8,1												
ph«n Æ«u 03	120,8,1	120,8,1							120,8,1	120,8,1	88,8,1	88,8,1						248,8,1	248,8,1	96,8,1						96,8,1	96,8,1	88,8,1					104,8,1	104,8,1	56,8,1					104,8,1	104,8,1	120,8,1								232,8,1	192,8,1	232,8,1	192,8,1	80,8,1	184,8,1						176,8,1	176,8,1	96,8,1												
ph«n Æ«u 04	120,8,1	120,8,1							120,8,1	120,8,1	88,8,1	88,8,1						248,8,1	248,8,1	96,8,1						96,8,1	96,8,1	88,8,1					104,8,1	104,8,1	56,8,1					104,8,1	104,8,1	120,8,1								232,8,1	192,8,1	232,8,1	192,8,1	80,8,1	184,8,1						176,8,1	176,8,1	96,8,1												
ph«n Æ«u 05	120,8,1	120,8,1							120,8,1	120,8,1	88,8,1	88,8,1						248,8,1	248,8,1	96,8,1						96,8,1	96,8,1	88,8,1					104,8,1	104,8,1	56,8,1					104,8,1	104,8,1	120,8,1								232,8,1	192,8,1	232,8,1	192,8,1	80,8,1	184,8,1						176,8,1	176,8,1	96,8,1												
ph«n Æ«u 06	120,8,1	120,8,1							120,8,1	120,8,1	88,8,1	88,8,1						248,8,1	248,8,1	96,8,1						96,8,1	96,8,1	88,8,1					104,8,1	104,8,1	56,8,1					104,8,1	104,8,1	120,8,1								232,8,1	192,8,1	232,8,1	192,8,1	80,8,1	184,8,1						176,8,1	176,8,1	96,8,1												
ph«n Æ«u 07	120,8,1	120,8,1							120,8,1	120,8,1	88,8,1	88,8,1						248,8,1	248,8,1	96,8,1						96,8,1	96,8,1	88,8,1					104,8,1	104,8,1	56,8,1					104,8,1	104,8,1	120,8,1								232,8,1	192,8,1	232,8,1	192,8,1	80,8,1	184,8,1						176,8,1	176,8,1	96,8,1												
ph«n Æ«u 08	120,8,1	120,8,1							120,8,1	120,8,1	88,8,1	88,8,1						248,8,1	248,8,1	96,8,1						96,8,1	96,8,1	88,8,1					104,8,1	104,8,1	56,8,1					104,8,1	104,8,1	120,8,1								232,8,1	192,8,1	232,8,1	192,8,1	80,8,1	184,8,1						176,8,1	176,8,1	96,8,1												
ph«n Æ«u 09	120,8,1	120,8,1							120,8,1	120,8,1	88,8,1	88,8,1						248,8,1	248,8,1	96,8,1						96,8,1	96,8,1	88,8,1					104,8,1	104,8,1	56,8,1					104,8,1	104,8,1	120,8,1								232,8,1	192,8,1	232,8,1	192,8,1	80,8,1	184,8,1						176,8,1	176,8,1	96,8,1												
ph«n Æ«u 10	120,8,1	120,8,1							120,8,1	120,8,1	88,8,1	88,8,1						248,8,1	248,8,1	96,8,1						96,8,1	96,8,1	88,8,1					104,8,1	104,8,1	56,8,1					104,8,1	104,8,1	120,8,1								232,8,1	192,8,1	232,8,1	192,8,1	80,8,1	184,8,1						176,8,1	176,8,1	96,8,1												
ph«n Æ«u 11	120,8,1	120,8,1							120,8,1	120,8,1	88,8,1	88,8,1						248,8,1	248,8,1	96,8,1						96,8,1	96,8,1	88,8,1					104,8,1	104,8,1	56,8,1					104,8,1	104,8,1	120,8,1								232,8,1	192,8,1	232,8,1	192,8,1	80,8,1	184,8,1						176,8,1	176,8,1	96,8,1												
ph«n Æ«u 12	120,8,1	120,8,1	120,8,1	120,8,1	88,8,1	88,8,1	88,8,1	88,8,1	120,8,1	120,8,1	88,8,1	88,8,1	120,8,1	120,8,1	120,8,1	120,8,1	120,8,1	248,8,1	248,8,1	96,8,1	88,8,1	88,8,1	88,8,1	88,8,1	88,8,1	96,8,1	96,8,1	88,8,1	72,8,1	64,8,1	56,8,1	96,8,1	104,8,1	104,8,1	56,8,1	96,8,1	88,8,1	120,8,1	144,8,1	104,8,1	104,8,1	120,8,1	144,8,1	128,8,1	112,8,1	96,8,1	96,8,1	128,8,1	96,8,1	232,8,1	192,8,1	232,8,1	192,8,1	80,8,1	184,8,1	128,8,1	96,8,1	96,8,1	104,8,1	128,8,1	176,8,1	176,8,1	96,8,1	72,8,1	160,8,1	112,8,1	96,8,1	80,8,1	96,8,1	112,8,1	96,8,1	48,8,1		112,8,1	112,8,1
ph«n Æ«u 13	120,8,1	120,8,1							120,8,1	120,8,1	88,8,1	88,8,1						248,8,1	248,8,1	96,8,1						96,8,1	96,8,1	88,8,1					104,8,1	104,8,1	56,8,1					104,8,1	104,8,1	120,8,1								232,8,1	192,8,1	232,8,1	192,8,1	80,8,1	184,8,1						176,8,1	176,8,1	96,8,1												
ph«n Æ«u 14	120,8,1	120,8,1							120,8,1	120,8,1	88,8,1	88,8,1						248,8,1	248,8,1	96,8,1						96,8,1	96,8,1	88,8,1					104,8,1	104,8,1	56,8,1					104,8,1	104,8,1	120,8,1								232,8,1	192,8,1	232,8,1	192,8,1	80,8,1	184,8,1						176,8,1	176,8,1	96,8,1												
ph«n Æ«u 15	120,8,1	120,8,1							120,8,1	120,8,1	88,8,1	88,8,1						248,8,1	248,8,1	96,8,1						96,8,1	96,8,1	88,8,1					104,8,1	104,8,1	56,8,1					104,8,1	104,8,1	120,8,1								232,8,1	192,8,1	232,8,1	192,8,1	80,8,1	184,8,1						176,8,1	176,8,1	96,8,1												
ph«n Æ«u 16	120,8,1	120,8,1							120,8,1	120,8,1	88,8,1	88,8,1						248,8,1	248,8,1	96,8,1						96,8,1	96,8,1	88,8,1					104,8,1	104,8,1	56,8,1					104,8,1	104,8,1	120,8,1								232,8,1	192,8,1	232,8,1	192,8,1	80,8,1	184,8,1						176,8,1	176,8,1	96,8,1	72,8,1											
ph«n Æ«u 17	120,8,1	120,8,1							120,8,1	120,8,1	88,8,1	88,8,1						248,8,1	248,8,1	96,8,1						96,8,1	96,8,1	88,8,1					104,8,1	104,8,1	56,8,1					104,8,1	104,8,1	120,8,1								232,8,1	192,8,1	232,8,1	192,8,1	80,8,1	184,8,1						176,8,1	176,8,1	96,8,1												
ph«n Æ«u 18	120,8,1	120,8,1							120,8,1	120,8,1	88,8,1	88,8,1						248,8,1	248,8,1	96,8,1						96,8,1	96,8,1	88,8,1					104,8,1	104,8,1	56,8,1					104,8,1	104,8,1	120,8,1								232,8,1	192,8,1	232,8,1	192,8,1	80,8,1	184,8,1						176,8,1	176,8,1	96,8,1												
ph«n Æ«u 19	120,8,1	120,8,1	120,8,1	120,8,1	88,8,1	88,8,1	88,8,1	88,8,1	120,8,1	120,8,1	88,8,1	88,8,1	120,8,1	120,8,1	120,8,1	120,8,1	120,8,1	248,8,1	248,8,1	96,8,1	88,8,1	88,8,1	88,8,1	88,8,1	88,8,1	96,8,1	96,8,1	88,8,1	72,8,1	64,8,1	56,8,1	96,8,1	104,8,1	104,8,1	56,8,1	96,8,1	88,8,1	120,8,1	144,8,1	104,8,1	104,8,1	120,8,1	144,8,1	128,8,1	112,8,1	96,8,1	96,8,1	128,8,1	96,8,1	232,8,1	192,8,1	232,8,1	192,8,1	80,8,1	184,8,1	128,8,1	96,8,1	96,8,1	104,8,1	128,8,1	176,8,1	176,8,1	96,8,1	72,8,1	160,8,1	112,8,1	96,8,1	80,8,1	96,8,1	112,8,1	96,8,1	48,8,1		112,8,1	112,8,1
ph«n Æ«u 20	120,8,1	120,8,1							120,8,1	120,8,1	88,8,1	88,8,1						248,8,1	248,8,1	96,8,1						96,8,1	96,8,1	88,8,1					104,8,1	104,8,1	56,8,1					104,8,1	104,8,1	120,8,1								232,8,1	192,8,1	232,8,1	192,8,1	80,8,1	184,8,1						176,8,1	176,8,1	96,8,1												
ph«n Æ«u 21	120,8,1	120,8,1							120,8,1	120,8,1	88,8,1	88,8,1						248,8,1	248,8,1	96,8,1						96,8,1	96,8,1	88,8,1					104,8,1	104,8,1	56,8,1					104,8,1	104,8,1	120,8,1								232,8,1	192,8,1	232,8,1	192,8,1	80,8,1	184,8,1						176,8,1	176,8,1	96,8,1												
ph«n Æ«u 22	120,8,1	120,8,1	120,8,1	120,8,1	88,8,1	88,8,1	88,8,1	88,8,1	120,8,1	120,8,1	88,8,1	88,8,1	120,8,1	120,8,1	120,8,1	120,8,1	120,8,1	248,8,1	248,8,1	96,8,1	88,8,1	88,8,1	88,8,1	88,8,1	88,8,1	96,8,1	96,8,1	88,8,1	72,8,1	64,8,1	56,8,1	96,8,1	104,8,1	104,8,1	56,8,1	96,8,1	88,8,1	120,8,1	144,8,1	104,8,1	104,8,1	120,8,1	144,8,1	128,8,1	112,8,1	96,8,1	96,8,1	128,8,1	96,8,1	232,8,1	192,8,1	232,8,1	192,8,1	80,8,1	184,8,1	128,8,1	96,8,1	96,8,1	104,8,1	128,8,1	176,8,1	176,8,1	96,8,1	72,8,1	160,8,1	112,8,1	96,8,1	80,8,1	96,8,1	112,8,1	96,8,1	48,8,1		112,8,1	112,8,1
Õ∑≤ø23	120,8,1	120,8,1	120,8,1	120,8,1	88,8,1	88,8,1	88,8,1	88,8,1	120,8,1	120,8,1	88,8,1	88,8,1	120,8,1	120,8,1	120,8,1	120,8,1	120,8,1	248,8,1	248,8,1	96,8,1	88,8,1	88,8,1	88,8,1	88,8,1	88,8,1	96,8,1	96,8,1	88,8,1	72,8,1	64,8,1	56,8,1	96,8,1	104,8,1	104,8,1	56,8,1	96,8,1	88,8,1	120,8,1	144,8,1	104,8,1	104,8,1	120,8,1	144,8,1	128,8,1	112,8,1	96,8,1	96,8,1	128,8,1	96,8,1	232,8,1	192,8,1	232,8,1	192,8,1	80,8,1	184,8,1	128,8,1	96,8,1	96,8,1	104,8,1	128,8,1	176,8,1	176,8,1	96,8,1	72,8,1	160,8,1	112,8,1	96,8,1	80,8,1	96,8,1	112,8,1	96,8,1	48,8,1		112,8,1	112,8,1
Õ∑≤ø24	120,8,1	120,8,1	120,8,1	120,8,1	88,8,1	88,8,1	88,8,1	88,8,1	120,8,1	120,8,1	88,8,1	88,8,1	120,8,1	120,8,1	120,8,1	120,8,1	120,8,1	248,8,1	248,8,1	96,8,1	88,8,1	88,8,1	88,8,1	88,8,1	88,8,1	96,8,1	96,8,1	88,8,1	72,8,1	64,8,1	56,8,1	96,8,1	104,8,1	104,8,1	56,8,1	96,8,1	88,8,1	120,8,1	144,8,1	104,8,1	104,8,1	120,8,1	144,8,1	128,8,1	112,8,1	96,8,1	96,8,1	128,8,1	96,8,1	232,8,1	192,8,1	232,8,1	192,8,1	80,8,1	184,8,1	128,8,1	96,8,1	96,8,1	104,8,1	128,8,1	176,8,1	176,8,1	96,8,1	72,8,1	160,8,1	112,8,1	96,8,1	80,8,1	96,8,1	112,8,1	96,8,1	48,8,1		112,8,1	112,8,1
Õ∑≤ø25	120,8,1	120,8,1	120,8,1	120,8,1	88,8,1	88,8,1	88,8,1	88,8,1	120,8,1	120,8,1	88,8,1	88,8,1	120,8,1	120,8,1	120,8,1	120,8,1	120,8,1	248,8,1	248,8,1	96,8,1	88,8,1	88,8,1	88,8,1	88,8,1	88,8,1	96,8,1	96,8,1	88,8,1	72,8,1	64,8,1	56,8,1	96,8,1	104,8,1	104,8,1	56,8,1	96,8,1	88,8,1	120,8,1	144,8,1	104,8,1	104,8,1	120,8,1	144,8,1	128,8,1	112,8,1	96,8,1	96,8,1	128,8,1	96,8,1	232,8,1	192,8,1	232,8,1	192,8,1	80,8,1	184,8,1	128,8,1	96,8,1	96,8,1	104,8,1	128,8,1	176,8,1	176,8,1	96,8,1	72,8,1	160,8,1	112,8,1	96,8,1	80,8,1	96,8,1	112,8,1	96,8,1	48,8,1		112,8,1	112,8,1
Õ∑≤ø26	120,8,1	120,8,1	120,8,1	120,8,1	88,8,1	88,8,1	88,8,1	88,8,1	120,8,1	120,8,1	88,8,1	88,8,1	120,8,1	120,8,1	120,8,1	120,8,1	120,8,1	248,8,1	248,8,1	96,8,1	88,8,1	88,8,1	88,8,1	88,8,1	88,8,1	96,8,1	96,8,1	88,8,1	72,8,1	64,8,1	56,8,1	96,8,1	104,8,1	104,8,1	56,8,1	96,8,1	88,8,1	120,8,1	144,8,1	104,8,1	104,8,1	120,8,1	144,8,1	128,8,1	112,8,1	96,8,1	96,8,1	128,8,1	96,8,1	232,8,1	192,8,1	232,8,1	192,8,1	80,8,1	184,8,1	128,8,1	96,8,1	96,8,1	104,8,1	128,8,1	176,8,1	176,8,1	96,8,1	72,8,1	160,8,1	112,8,1	96,8,1	80,8,1	96,8,1	112,8,1	96,8,1	48,8,1		112,8,1	112,8,1
Õ∑≤ø27	120,8,1	120,8,1	120,8,1	120,8,1	88,8,1	88,8,1	88,8,1	88,8,1	120,8,1	120,8,1	88,8,1	88,8,1	120,8,1	120,8,1	120,8,1	120,8,1	120,8,1	248,8,1	248,8,1	96,8,1	88,8,1	88,8,1	88,8,1	88,8,1	88,8,1	96,8,1	96,8,1	88,8,1	72,8,1	64,8,1	56,8,1	96,8,1	104,8,1	104,8,1	56,8,1	96,8,1	88,8,1	120,8,1	144,8,1	104,8,1	104,8,1	120,8,1	144,8,1	128,8,1	112,8,1	96,8,1	96,8,1	128,8,1	96,8,1	232,8,1	192,8,1	232,8,1	192,8,1	80,8,1	184,8,1	128,8,1	96,8,1	96,8,1	104,8,1	128,8,1	176,8,1	176,8,1	96,8,1	72,8,1	160,8,1	112,8,1	96,8,1	80,8,1	96,8,1	112,8,1	96,8,1	48,8,1		112,8,1	112,8,1
Õ∑≤ø28	120,8,1	120,8,1	120,8,1	120,8,1	88,8,1	88,8,1	88,8,1	88,8,1	120,8,1	120,8,1	88,8,1	88,8,1	120,8,1	120,8,1	120,8,1	120,8,1	120,8,1	248,8,1	248,8,1	96,8,1	88,8,1	88,8,1	88,8,1	88,8,1	88,8,1	96,8,1	96,8,1	88,8,1	72,8,1	64,8,1	56,8,1	96,8,1	104,8,1	104,8,1	56,8,1	96,8,1	88,8,1	120,8,1	144,8,1	104,8,1	104,8,1	120,8,1	144,8,1	128,8,1	112,8,1	96,8,1	96,8,1	128,8,1	96,8,1	232,8,1	192,8,1	232,8,1	192,8,1	80,8,1	184,8,1	128,8,1	96,8,1	96,8,1	104,8,1	128,8,1	176,8,1	176,8,1	96,8,1	72,8,1	160,8,1	112,8,1	96,8,1	80,8,1	96,8,1	112,8,1	96,8,1	48,8,1		112,8,1	112,8,1
Õ∑≤ø29	120,8,1	120,8,1							120,8,1	120,8,1	88,8,1	88,8,1						248,8,1	248,8,1	96,8,1						96,8,1	96,8,1	88,8,1					104,8,1	104,8,1	56,8,1					104,8,1	104,8,1	120,8,1								232,8,1	192,8,1	232,8,1	192,8,1	80,8,1	184,8,1						176,8,1	176,8,1	96,8,1												
Õ∑≤ø30	120,8,1	120,8,1							120,8,1	120,8,1	88,8,1	88,8,1						248,8,1	248,8,1	96,8,1						96,8,1	96,8,1	88,8,1					104,8,1	104,8,1	56,8,1					104,8,1	104,8,1	120,8,1								232,8,1	192,8,1	232,8,1	192,8,1	80,8,1	184,8,1						176,8,1	176,8,1	96,8,1												
Õ∑≤ø31	120,8,1	120,8,1							120,8,1	120,8,1	88,8,1	88,8,1						248,8,1	248,8,1	96,8,1						96,8,1	96,8,1	88,8,1					104,8,1	104,8,1	56,8,1					104,8,1	104,8,1	120,8,1								232,8,1	192,8,1	232,8,1	192,8,1	80,8,1	184,8,1						176,8,1	176,8,1	96,8,1												
Õ∑≤ø32	120,8,1	120,8,1							120,8,1	120,8,1	88,8,1	88,8,1						248,8,1	248,8,1	96,8,1						96,8,1	96,8,1	88,8,1					104,8,1	104,8,1	56,8,1					104,8,1	104,8,1	120,8,1								232,8,1	192,8,1	232,8,1	192,8,1	80,8,1	184,8,1						176,8,1	176,8,1	96,8,1												
Õ∑≤ø33	120,8,1	120,8,1	120,8,1	120,8,1	88,8,1	88,8,1	88,8,1	88,8,1	120,8,1	120,8,1	88,8,1	88,8,1	120,8,1	120,8,1	120,8,1	120,8,1	120,8,1	248,8,1	248,8,1	96,8,1	88,8,1	88,8,1	88,8,1	88,8,1	88,8,1	96,8,1	96,8,1	88,8,1	72,8,1	64,8,1	48,8,1	104,8,1	104,8,1	104,8,1	56,8,1	96,8,1	88,8,1	120,8,1	144,8,1	104,8,1	104,8,1	120,8,1	144,8,1	128,8,1	112,8,1	96,8,1	96,8,1	128,8,1	96,8,1	232,8,1	192,8,1	232,8,1	192,8,1	80,8,1	184,8,1	128,8,1	96,8,1	96,8,1	104,8,1	128,8,1	176,8,1	176,8,1	96,8,1	72,8,1	160,8,1	112,8,1	96,8,1	80,8,1	96,8,1	112,8,1	104,8,1	48,8,1	112,8,1	112,8,1	112,8,1
Õ∑≤ø34	120,8,1	120,8,1	120,8,1	120,8,1	88,8,1	88,8,1	88,8,1	88,8,1	120,8,1	120,8,1	88,8,1	88,8,1	120,8,1	120,8,1	120,8,1	120,8,1	120,8,1	248,8,1	248,8,1	96,8,1	88,8,1	88,8,1	88,8,1	88,8,1	88,8,1	96,8,1	96,8,1	88,8,1	72,8,1	64,8,1	56,8,1	96,8,1	104,8,1	104,8,1	56,8,1	96,8,1	88,8,1	120,8,1	144,8,1	104,8,1	104,8,1	120,8,1	144,8,1	128,8,1	112,8,1	96,8,1	96,8,1	128,8,1	96,8,1	232,8,1	192,8,1	232,8,1	192,8,1	80,8,1	184,8,1	128,8,1	96,8,1	96,8,1	104,8,1	128,8,1	176,8,1	176,8,1	96,8,1	72,8,1	160,8,1	112,8,1	96,8,1	80,8,1	96,8,1	112,8,1	96,8,1	48,8,1	112,8,1	112,8,1	112,8,1
Õ∑≤ø35	120,8,1	120,8,1							120,8,1	120,8,1	88,8,1	88,8,1						248,8,1	248,8,1	96,8,1						96,8,1	96,8,1	88,8,1					104,8,1	104,8,1	56,8,1					104,8,1	104,8,1	120,8,1								232,8,1	192,8,1	232,8,1	192,8,1	80,8,1	184,8,1						176,8,1	176,8,1	96,8,1												
Õ∑≤ø36	120,8,1	120,8,1	120,8,1	120,8,1	88,8,1	88,8,1	88,8,1	88,8,1	120,8,1	120,8,1	88,8,1	88,8,1	120,8,1	120,8,1	120,8,1	120,8,1	120,8,1	248,8,1	248,8,1	96,8,1	88,8,1	88,8,1	88,8,1	88,8,1	88,8,1	96,8,1	96,8,1	88,8,1	72,8,1	64,8,1	56,8,1	96,8,1	104,8,1	104,8,1	56,8,1	96,8,1	88,8,1	120,8,1	144,8,1	104,8,1	104,8,1	120,8,1	144,8,1	128,8,1	112,8,1	96,8,1	96,8,1	128,8,1	96,8,1	232,8,1	192,8,1	232,8,1	192,8,1	80,8,1	184,8,1	128,8,1	96,8,1	96,8,1	104,8,1	128,8,1	176,8,1	176,8,1	96,8,1	72,8,1	160,8,1	112,8,1	96,8,1	80,8,1	96,8,1	112,8,1	96,8,1	48,8,1	112,8,1	112,8,1	112,8,1
Õ∑≤ø37	120,8,1	120,8,1	120,8,1	120,8,1	88,8,1	88,8,1	88,8,1	88,8,1	120,8,1	120,8,1	88,8,1	88,8,1	120,8,1	120,8,1	120,8,1	120,8,1	120,8,1	248,8,1	248,8,1	96,8,1	88,8,1	88,8,1	88,8,1	88,8,1	88,8,1	96,8,1	96,8,1	88,8,1	72,8,1	64,8,1	56,8,1	96,8,1	104,8,1	104,8,1	56,8,1	96,8,1	88,8,1	120,8,1	144,8,1	104,8,1	104,8,1	120,8,1	144,8,1	128,8,1	112,8,1	96,8,1	96,8,1	128,8,1	96,8,1	232,8,1	192,8,1	232,8,1	192,8,1	80,8,1	184,8,1	128,8,1	96,8,1	96,8,1	104,8,1	128,8,1	176,8,1	176,8,1	96,8,1	72,8,1	160,8,1	112,8,1	96,8,1	80,8,1	96,8,1	112,8,1	96,8,1	48,8,1	112,8,1	112,8,1	112,8,1
Õ∑≤ø38	120,8,1	120,8,1	120,8,1	120,8,1	88,8,1	88,8,1	88,8,1	88,8,1	120,8,1	120,8,1	88,8,1	88,8,1	120,8,1	120,8,1	120,8,1	120,8,1	120,8,1	248,8,1	248,8,1	96,8,1	88,8,1	88,8,1	88,8,1	88,8,1	88,8,1	96,8,1	96,8,1	88,8,1	72,8,1	64,8,1	56,8,1	96,8,1	104,8,1	104,8,1	56,8,1	96,8,1	88,8,1	120,8,1	144,8,1	104,8,1	104,8,1	120,8,1	144,8,1	128,8,1	112,8,1	96,8,1	96,8,1	128,8,1	96,8,1	232,8,1	192,8,1	232,8,1	192,8,1	80,8,1	184,8,1	128,8,1	96,8,1	96,8,1	104,8,1	128,8,1	176,8,1	176,8,1	96,8,1	72,8,1	160,8,1	112,8,1	96,8,1	80,8,1	96,8,1	112,8,1	96,8,1	48,8,1	112,8,1	112,8,1	112,8,1
Õ∑≤ø39	120,8,1	120,8,1	120,8,1	120,8,1	88,8,1	88,8,1	88,8,1	88,8,1	120,8,1	120,8,1	88,8,1	88,8,1	120,8,1	120,8,1	120,8,1	120,8,1	120,8,1	248,8,1	248,8,1	96,8,1	88,8,1	88,8,1	88,8,1	88,8,1	88,8,1	96,8,1	96,8,1	88,8,1	72,8,1	64,8,1	56,8,1	96,8,1	104,8,1	104,8,1	56,8,1	96,8,1	88,8,1	120,8,1	144,8,1	104,8,1	104,8,1	120,8,1	144,8,1	128,8,1	112,8,1	96,8,1	96,8,1	128,8,1	96,8,1	232,8,1	192,8,1	232,8,1	192,8,1	80,8,1	184,8,1	128,8,1	96,8,1	96,8,1	104,8,1	128,8,1	176,8,1	176,8,1	96,8,1	72,8,1	160,8,1	112,8,1	96,8,1	80,8,1	96,8,1	112,8,1	96,8,1	48,8,1	112,8,1	112,8,1	112,8,1
Õ∑≤ø40	120,8,1	120,8,1	120,8,1	120,8,1	88,8,1	88,8,1	88,8,1	88,8,1	120,8,1	120,8,1	88,8,1	88,8,1	120,8,1	120,8,1	120,8,1	120,8,1	120,8,1	248,8,1	248,8,1	96,8,1	88,8,1	88,8,1	88,8,1	88,8,1	88,8,1	96,8,1	96,8,1	88,8,1	72,8,1	64,8,1	56,8,1	96,8,1	104,8,1	104,8,1	56,8,1	96,8,1	88,8,1	120,8,1	144,8,1	104,8,1	104,8,1	120,8,1	144,8,1	128,8,1	112,8,1	96,8,1	96,8,1	128,8,1	96,8,1	232,8,1	192,8,1	232,8,1	192,8,1	80,8,1	184,8,1	128,8,1	96,8,1	96,8,1	104,8,1	128,8,1	176,8,1	176,8,1	96,8,1	72,8,1	160,8,1	112,8,1	96,8,1	80,8,1	96,8,1	112,8,1	96,8,1	48,8,1	112,8,1	112,8,1	112,8,1
Õ∑≤ø41	120,8,1	120,8,1	120,8,1	120,8,1	88,8,1	88,8,1	88,8,1	88,8,1	120,8,1	120,8,1	88,8,1	88,8,1	120,8,1	120,8,1	120,8,1	120,8,1	120,8,1	248,8,1	248,8,1	96,8,1	88,8,1	88,8,1	88,8,1	88,8,1	88,8,1	96,8,1	96,8,1	88,8,1	72,8,1	64,8,1	56,8,1	96,8,1	104,8,1	104,8,1	56,8,1	96,8,1	88,8,1	120,8,1	144,8,1	104,8,1	104,8,1	120,8,1	144,8,1	128,8,1	112,8,1	96,8,1	96,8,1	128,8,1	96,8,1	232,8,1	192,8,1	232,8,1	192,8,1	80,8,1	184,8,1	128,8,1	96,8,1	96,8,1	104,8,1	128,8,1	176,8,1	176,8,1	96,8,1	72,8,1	160,8,1	112,8,1	96,8,1	80,8,1	96,8,1	120,8,1	96,8,1	48,8,1	112,8,1	112,8,1	112,8,1
Õ∑≤ø42	120,8,1	120,8,1	120,8,1	120,8,1	88,8,1	88,8,1	88,8,1	88,8,1	120,8,1	120,8,1	88,8,1	88,8,1	120,8,1	120,8,1	120,8,1	120,8,1	120,8,1	248,8,1	248,8,1	96,8,1	88,8,1	88,8,1	88,8,1	88,8,1	88,8,1	96,8,1	96,8,1	88,8,1	72,8,1	64,8,1	56,8,1	96,8,1	104,8,1	104,8,1	56,8,1	96,8,1	88,8,1	120,8,1	144,8,1	104,8,1	104,8,1	120,8,1	144,8,1	128,8,1	112,8,1	96,8,1	96,8,1	128,8,1	96,8,1	232,8,1	192,8,1	232,8,1	192,8,1	80,8,1	184,8,1	128,8,1	96,8,1	96,8,1	104,8,1	128,8,1	176,8,1	176,8,1	96,8,1	72,8,1	160,8,1	120,8,1	96,8,1	80,8,1	104,8,1	120,8,1	96,8,1	48,8,1	112,8,1	120,8,1	120,8,1
Õ∑≤ø43	120,8,1	120,8,1	120,8,1	120,8,1	88,8,1	88,8,1	88,8,1	88,8,1	120,8,1	120,8,1	88,8,1	88,8,1	120,8,1	120,8,1	120,8,1	120,8,1	120,8,1	248,8,1	248,8,1	96,8,1	88,8,1	88,8,1	88,8,1	88,8,1	88,8,1	96,8,1	96,8,1	88,8,1	72,8,1	64,8,1	56,8,1	96,8,1	104,8,1	104,8,1	56,8,1	96,8,1	88,8,1	120,8,1	144,8,1	104,8,1	104,8,1	120,8,1	144,8,1	128,8,1	112,8,1	96,8,1		128,8,1	96,8,1	232,8,1	192,8,1	232,8,1	192,8,1	80,8,1	184,8,1	128,8,1	96,8,1	96,8,1	104,8,1	128,8,1	176,8,1	176,8,1	96,8,1	72,8,1	160,8,1	112,8,1	96,8,1	80,8,1	104,8,1	112,8,1	96,8,1	48,8,1	112,8,1	112,8,1	112,8,1
Õ∑≤ø44	120,8,1	120,8,1	120,8,1	120,8,1	88,8,1	88,8,1	88,8,1	88,8,1	120,8,1	120,8,1	88,8,1	88,8,1	120,8,1	120,8,1	120,8,1	120,8,1	120,8,1	248,8,1	248,8,1	96,8,1	88,8,1	88,8,1	88,8,1	88,8,1	88,8,1	96,8,1	96,8,1	88,8,1	72,8,1	64,8,1	56,8,1	96,8,1	104,8,1	104,8,1	56,8,1	96,8,1	88,8,1	120,8,1	144,8,1	104,8,1	104,8,1	120,8,1	144,8,1	128,8,1	112,8,1	96,8,1	96,8,1	128,8,1	96,8,1	232,8,1	192,8,1	232,8,1	192,8,1	80,8,1	184,8,1	128,8,1	96,8,1	96,8,1	104,8,1	128,8,1	176,8,1	176,8,1	96,8,1	72,8,1	160,8,1	112,8,1	96,8,1	80,8,1	96,8,1	112,8,1	88,8,1	48,8,1	112,8,1	112,8,1	112,8,1
Ph«n Æ«u 45	120,8,1	120,8,1							120,8,1	120,8,1	88,8,1	88,8,1						248,8,1	248,8,1	96,8,1						96,8,1	96,8,1	88,8,1					104,8,1	104,8,1	56,8,1					104,8,1	104,8,1	120,8,1								232,8,1	192,8,1	232,8,1	192,8,1	80,8,1	184,8,1						176,8,1	176,8,1	96,8,1												
Ph«n Æ«u 46	120,8,1	120,8,1	120,8,1	120,8,1	88,8,1	88,8,1	88,8,1	88,8,1	120,8,1	120,8,1	88,8,1	88,8,1	120,8,1	120,8,1	120,8,1	120,8,1	120,8,1	248,8,1	248,8,1	96,8,1	88,8,1	88,8,1	88,8,1	88,8,1	88,8,1	96,8,1	96,8,1	88,8,1	72,8,1	64,8,1	56,8,1	96,8,1	104,8,1	104,8,1	56,8,1	96,8,1	88,8,1	120,8,1	144,8,1	104,8,1	104,8,1	120,8,1	144,8,1	128,8,1	112,8,1	96,8,1	96,8,1	128,8,1	96,8,1	232,8,1	192,8,1	232,8,1	192,8,1	80,8,1	184,8,1	128,8,1	96,8,1	96,8,1	104,8,1	128,8,1	176,8,1	176,8,1	96,8,1	72,8,1	160,8,1	112,8,1	96,8,1	80,8,1	96,8,1	112,8,1	96,8,1	48,8,1	112,8,1	112,8,1	112,8,1
Ph«n Æ«u 47	120,8,1	120,8,1							120,8,1	120,8,1	88,8,1	88,8,1						248,8,1	248,8,1	96,8,1						96,8,1	96,8,1	88,8,1					104,8,1	104,8,1	56,8,1					104,8,1	104,8,1	120,8,1								232,8,1	192,8,1	232,8,1	192,8,1	80,8,1	184,8,1						176,8,1	176,8,1	96,8,1												
Ph«n Æ«u 48	120,8,1	120,8,1							120,8,1	120,8,1	88,8,1	88,8,1						248,8,1	248,8,1	96,8,1						96,8,1	96,8,1	88,8,1					104,8,1	104,8,1	56,8,1					104,8,1	104,8,1	120,8,1								232,8,1	192,8,1	232,8,1	192,8,1	80,8,1	184,8,1						176,8,1	176,8,1	96,8,1												
Ph«n Æ«u 49	120,8,1	120,8,1	120,8,1	120,8,1	88,8,1	88,8,1	88,8,1	88,8,1	120,8,1	120,8,1	88,8,1	88,8,1	120,8,1	120,8,1	120,8,1	120,8,1	120,8,1	248,8,1	248,8,1	96,8,1	88,8,1	88,8,1	88,8,1	88,8,1	88,8,1	96,8,1	96,8,1	88,8,1	72,8,1	64,8,1	56,8,1	96,8,1	104,8,1	104,8,1	56,8,1	96,8,1	88,8,1	120,8,1		104,8,1	104,8,1	120,8,1	144,8,1	128,8,1	112,8,1	96,8,1	96,8,1	128,8,1	96,8,1	232,8,1	192,8,1	232,8,1	192,8,1	80,8,1	184,8,1	128,8,1	96,8,1	96,8,1	104,8,1	128,8,1	176,8,1	176,8,1	96,8,1	72,8,1	160,8,1	112,8,1	96,8,1	80,8,1	96,8,1	112,8,1	96,8,1	48,8,1	120,8,1	112,8,1	112,8,1
Ph«n Æ«u 50	120,8,1	120,8,1	120,8,1	120,8,1	88,8,1	88,8,1	88,8,1	88,8,1	120,8,1	120,8,1	88,8,1	88,8,1	120,8,1	120,8,1	120,8,1	120,8,1	120,8,1	248,8,1	248,8,1	96,8,1	88,8,1	88,8,1	88,8,1	88,8,1	88,8,1	96,8,1	96,8,1	88,8,1	72,8,1	64,8,1	56,8,1	96,8,1	104,8,1	104,8,1	56,8,1	96,8,1	88,8,1	120,8,1	144,8,1	104,8,1	104,8,1	120,8,1	144,8,1	128,8,1	112,8,1	96,8,1	96,8,1	128,8,1	96,8,1	232,8,1	192,8,1	232,8,1	192,8,1	80,8,1	184,8,1	128,8,1	96,8,1	96,8,1	104,8,1	128,8,1	176,8,1	176,8,1	96,8,1	72,8,1	160,8,1	112,8,1	96,8,1	80,8,1	96,8,1	112,8,1	96,8,1	48,8,1	112,8,1	112,8,1	112,8,1
Ph«n Æ«u 51	120,8,1	120,8,1	120,8,1	120,8,1	88,8,1	88,8,1	88,8,1	88,8,1	120,8,1	120,8,1	88,8,1	88,8,1	120,8,1	120,8,1	120,8,1	120,8,1	120,8,1	248,8,1	248,8,1	96,8,1	88,8,1	88,8,1	88,8,1	88,8,1	88,8,1	96,8,1	96,8,1	88,8,1	72,8,1	64,8,1	56,8,1	96,8,1	104,8,1	104,8,1	56,8,1	96,8,1	88,8,1	120,8,1	144,8,1	104,8,1	104,8,1	120,8,1	144,8,1	128,8,1	112,8,1	96,8,1	96,8,1	128,8,1	96,8,1	232,8,1	192,8,1	232,8,1	192,8,1	80,8,1	184,8,1	128,8,1	96,8,1	96,8,1	104,8,1	128,8,1	176,8,1	176,8,1	96,8,1	72,8,1	160,8,1	112,8,1	96,8,1	80,8,1	96,8,1	112,8,1	96,8,1	48,8,1	120,8,1	112,8,1	112,8,1
Ph«n Æ«u 52	120,8,1	120,8,1	120,8,1	120,8,1	88,8,1	88,8,1	88,8,1	88,8,1	120,8,1	120,8,1	88,8,1	88,8,1	120,8,1	120,8,1	120,8,1	120,8,1	120,8,1	248,8,1	248,8,1	96,8,1	88,8,1	88,8,1	88,8,1	88,8,1	88,8,1	96,8,1	96,8,1	88,8,1	72,8,1	64,8,1	56,8,1	96,8,1	104,8,1	104,8,1	56,8,1	96,8,1	88,8,1	120,8,1	144,8,1	104,8,1	104,8,1	120,8,1	144,8,1	128,8,1	112,8,1	96,8,1	96,8,1	128,8,1	96,8,1	232,8,1	192,8,1	232,8,1	192,8,1	80,8,1	184,8,1	128,8,1	96,8,1	96,8,1	104,8,1	128,8,1	176,8,1	176,8,1	96,8,1	72,8,1	160,8,1	112,8,1	96,8,1	80,8,1	96,8,1	112,8,1	96,8,1	48,8,1	112,8,1	112,8,1	112,8,1
Ph«n Æ«u 53	120,8,1	120,8,1	120,8,1	120,8,1	88,8,1	88,8,1	88,8,1	88,8,1	120,8,1	120,8,1	88,8,1	88,8,1	120,8,1	120,8,1	120,8,1	120,8,1	120,8,1	248,8,1	248,8,1	96,8,1	88,8,1	88,8,1	88,8,1	88,8,1	88,8,1	96,8,1	96,8,1	88,8,1	72,8,1	64,8,1	56,8,1	96,8,1	104,8,1	104,8,1	56,8,1	96,8,1	88,8,1	120,8,1	144,8,1	104,8,1	104,8,1	120,8,1	144,8,1	128,8,1	112,8,1	96,8,1	96,8,1	128,8,1	96,8,1	232,8,1	192,8,1	232,8,1	192,8,1	80,8,1	184,8,1	128,8,1	96,8,1	96,8,1	104,8,1	128,8,1	176,8,1	176,8,1	96,8,1	72,8,1	160,8,1	112,8,1	96,8,1	80,8,1	96,8,1	112,8,1	96,8,1	48,8,1	112,8,1	112,8,1	112,8,1
Ph«n Æ«u 54	120,8,1	120,8,1							120,8,1	120,8,1	88,8,1	88,8,1						248,8,1	248,8,1	96,8,1						96,8,1	96,8,1	88,8,1					104,8,1	104,8,1	56,8,1					104,8,1	104,8,1	120,8,1								232,8,1	192,8,1	232,8,1	192,8,1	80,8,1	184,8,1						176,8,1	176,8,1	96,8,1												
Ph«n Æ«u 55	120,8,1	120,8,1	120,8,1	120,8,1	88,8,1	88,8,1	88,8,1	88,8,1	120,8,1	120,8,1	88,8,1	88,8,1	120,8,1	120,8,1	120,8,1	120,8,1	120,8,1	248,8,1	248,8,1	96,8,1	88,8,1	88,8,1	88,8,1	88,8,1	88,8,1	96,8,1	96,8,1	88,8,1	72,8,1	64,8,1	56,8,1	96,8,1	104,8,1	104,8,1	56,8,1	96,8,1	88,8,1	120,8,1	144,8,1	104,8,1	104,8,1	120,8,1	144,8,1	128,8,1	112,8,1	96,8,1	96,8,1	128,8,1	96,8,1	232,8,1	192,8,1	232,8,1	192,8,1	80,8,1	184,8,1	128,8,1	96,8,1	96,8,1	104,8,1	128,8,1	176,8,1	176,8,1	96,8,1	72,8,1	160,8,1	112,8,1	96,8,1	80,8,1	96,8,1	112,8,1	96,8,1	48,8,1	112,8,1	112,8,1	112,8,1
Ph«n Æ«u 56	120,8,1	120,8,1							120,8,1	120,8,1	88,8,1	88,8,1						248,8,1	248,8,1	96,8,1						96,8,1	96,8,1	88,8,1					104,8,1	104,8,1	56,8,1					104,8,1	104,8,1	120,8,1								232,8,1	192,8,1	232,8,1	192,8,1	80,8,1	184,8,1						176,8,1	176,8,1	96,8,1												
Ph«n Æ«u 57	120,8,1	120,8,1							120,8,1	120,8,1	88,8,1	88,8,1						248,8,1	248,8,1	96,8,1						96,8,1	96,8,1	88,8,1					104,8,1	104,8,1	56,8,1					104,8,1	104,8,1	120,8,1								232,8,1	192,8,1	232,8,1	192,8,1	80,8,1	184,8,1						176,8,1	176,8,1	96,8,1												
Ph«n Æ«u 58	120,8,1	120,8,1							120,8,1	120,8,1	88,8,1	88,8,1						248,8,1	248,8,1	96,8,1						96,8,1	96,8,1	88,8,1					104,8,1	104,8,1	56,8,1					104,8,1	104,8,1	120,8,1								232,8,1	192,8,1	232,8,1	192,8,1	80,8,1	184,8,1						176,8,1	176,8,1	96,8,1												
Ph«n Æ«u 59	120,8,1	120,8,1							120,8,1	120,8,1	88,8,1	88,8,1						248,8,1	248,8,1	96,8,1						96,8,1	96,8,1	88,8,1					104,8,1	104,8,1	56,8,1					104,8,1	104,8,1	120,8,1								232,8,1	192,8,1	232,8,1	192,8,1	80,8,1	184,8,1						176,8,1	176,8,1	96,8,1												
Ph«n Æ«u 60	120,8,1	120,8,1							120,8,1	120,8,1	88,8,1	88,8,1						248,8,1	248,8,1	96,8,1						96,8,1	96,8,1	88,8,1					104,8,1	104,8,1	56,8,1					104,8,1	104,8,1	120,8,1								232,8,1	192,8,1	232,8,1	192,8,1	80,8,1	184,8,1						176,8,1	176,8,1	96,8,1												
Ph«n Æ«u 61	120,8,1	120,8,1							120,8,1	120,8,1	88,8,1	88,8,1						248,8,1	248,8,1	96,8,1						96,8,1	96,8,1	88,8,1					104,8,1	104,8,1	56,8,1					104,8,1	104,8,1	120,8,1								232,8,1	192,8,1	232,8,1	192,8,1	80,8,1	184,8,1						176,8,1	176,8,1	96,8,1												
Ph«n Æ«u 62	120,8,1	120,8,1							120,8,1	120,8,1	88,8,1	88,8,1						248,8,1	248,8,1	96,8,1						96,8,1	96,8,1	88,8,1					104,8,1	104,8,1	56,8,1					104,8,1	104,8,1	120,8,1								232,8,1	192,8,1	232,8,1	192,8,1	80,8,1	184,8,1						176,8,1	176,8,1	96,8,1												
Ph«n Æ«u 63	120,8,1	120,8,1							120,8,1	120,8,1	88,8,1	88,8,1						248,8,1	248,8,1	96,8,1						96,8,1	96,8,1	88,8,1					104,8,1	104,8,1	56,8,1					104,8,1	104,8,1	120,8,1								232,8,1	192,8,1	232,8,1	192,8,1	80,8,1	184,8,1						176,8,1	176,8,1	96,8,1												
Ph«n Æ«u 64	120,8,1	120,8,1							120,8,1	120,8,1	88,8,1	88,8,1						248,8,1	248,8,1	96,8,1						96,8,1	96,8,1	88,8,1					104,8,1	104,8,1	56,8,1					104,8,1	104,8,1	120,8,1								232,8,1	192,8,1	232,8,1	192,8,1	80,8,1	184,8,1						176,8,1	176,8,1	96,8,1												
Ph«n Æ«u 65	120,8,1	120,8,1							120,8,1	120,8,1	88,8,1	88,8,1						248,8,1	248,8,1	96,8,1						96,8,1	96,8,1	88,8,1					104,8,1	104,8,1	56,8,1					104,8,1	104,8,1	120,8,1								232,8,1	192,8,1	232,8,1	192,8,1	80,8,1	184,8,1						176,8,1	176,8,1	96,8,1												
Ph«n Æ«u 66	120,8,1	120,8,1							120,8,1	120,8,1	88,8,1	88,8,1						248,8,1	248,8,1	96,8,1						96,8,1	96,8,1	88,8,1					104,8,1	104,8,1	56,8,1					104,8,1	104,8,1	120,8,1								232,8,1	192,8,1	232,8,1	192,8,1	80,8,1	184,8,1						176,8,1	176,8,1	96,8,1												
Ph«n Æ«u 67	120,8,1	120,8,1							120,8,1	120,8,1	88,8,1	88,8,1						248,8,1	248,8,1	96,8,1						96,8,1	96,8,1	88,8,1					104,8,1	104,8,1	56,8,1					104,8,1	104,8,1	120,8,1								232,8,1	192,8,1	232,8,1	192,8,1	80,8,1	184,8,1						176,8,1	176,8,1	96,8,1												
Ph«n Æ«u 68	120,8,1	120,8,1							120,8,1	120,8,1	88,8,1	88,8,1						248,8,1	248,8,1	96,8,1						96,8,1	96,8,1	88,8,1					104,8,1	104,8,1	56,8,1					104,8,1	104,8,1	120,8,1								232,8,1	192,8,1	232,8,1	192,8,1	80,8,1	184,8,1						176,8,1	176,8,1	96,8,1												
Ph«n Æ«u 69	120,8,1	120,8,1							120,8,1	120,8,1	88,8,1	88,8,1						248,8,1	248,8,1	96,8,1						96,8,1	96,8,1	88,8,1					104,8,1	104,8,1	56,8,1					104,8,1	104,8,1	120,8,1								232,8,1	192,8,1	232,8,1	192,8,1	80,8,1	184,8,1						176,8,1	176,8,1	96,8,1												
Ph«n Æ«u 70	120,8,1	120,8,1							120,8,1	120,8,1	88,8,1	88,8,1						248,8,1	248,8,1	96,8,1						96,8,1	96,8,1	88,8,1					104,8,1	104,8,1	56,8,1					104,8,1	104,8,1	120,8,1								232,8,1	192,8,1	232,8,1	192,8,1	80,8,1	184,8,1						176,8,1	176,8,1	96,8,1												
Ph«n Æ«u 71	120,8,1	120,8,1							120,8,1	120,8,1	88,8,1	88,8,1						248,8,1	248,8,1	96,8,1						96,8,1	96,8,1	88,8,1					104,8,1	104,8,1	56,8,1					104,8,1	104,8,1	120,8,1								232,8,1	192,8,1	232,8,1	192,8,1	80,8,1	184,8,1						176,8,1	176,8,1	96,8,1												
Ph«n Æ«u 72	120,8,1	120,8,1							120,8,1	120,8,1	88,8,1	88,8,1						248,8,1	248,8,1	96,8,1						96,8,1	96,8,1	88,8,1					104,8,1	104,8,1	56,8,1					104,8,1	104,8,1	120,8,1								232,8,1	192,8,1	232,8,1	192,8,1	80,8,1	184,8,1						176,8,1	176,8,1	96,8,1												
Ph«n Æ«u 73	120,8,1	120,8,1							120,8,1	120,8,1	88,8,1	88,8,1						248,8,1	248,8,1	96,8,1						96,8,1	96,8,1	88,8,1					104,8,1	104,8,1	56,8,1					104,8,1	104,8,1	120,8,1								232,8,1	192,8,1	232,8,1	192,8,1	80,8,1	184,8,1						176,8,1	176,8,1	96,8,1												
Ph«n Æ«u 74	120,8,1	120,8,1							120,8,1	120,8,1	88,8,1	88,8,1						248,8,1	248,8,1	96,8,1						96,8,1	96,8,1	88,8,1					104,8,1	104,8,1	56,8,1					104,8,1	104,8,1	120,8,1								232,8,1	192,8,1	232,8,1	192,8,1	80,8,1	184,8,1						176,8,1	176,8,1	96,8,1												
Ph«n Æ«u 75	120,8,1	120,8,1							120,8,1	120,8,1	88,8,1	88,8,1						248,8,1	248,8,1	96,8,1						96,8,1	96,8,1	88,8,1					104,8,1	104,8,1	56,8,1					104,8,1	104,8,1	120,8,1								232,8,1	192,8,1	232,8,1	192,8,1	80,8,1	184,8,1						176,8,1	176,8,1	96,8,1												
Ph«n Æ«u 76	120,8,1	120,8,1							120,8,1	120,8,1	88,8,1	88,8,1						248,8,1	248,8,1	96,8,1						96,8,1	96,8,1	88,8,1					104,8,1	104,8,1	56,8,1					104,8,1	104,8,1	120,8,1								232,8,1	192,8,1	232,8,1	192,8,1	80,8,1	184,8,1						176,8,1	176,8,1	96,8,1												
Ph«n Æ«u 77	120,8,1	120,8,1							120,8,1	120,8,1	88,8,1	88,8,1						248,8,1	248,8,1	96,8,1						96,8,1	96,8,1	88,8,1					104,8,1	104,8,1	56,8,1					104,8,1	104,8,1	120,8,1								232,8,1	192,8,1	232,8,1	192,8,1	80,8,1	184,8,1						176,8,1	176,8,1	96,8,1												
Ph«n Æ«u 78	120,8,1	120,8,1							120,8,1	120,8,1	88,8,1	88,8,1						248,8,1	248,8,1	96,8,1						96,8,1	96,8,1	88,8,1					104,8,1	104,8,1	56,8,1					104,8,1	104,8,1	120,8,1								232,8,1	192,8,1	232,8,1	192,8,1	80,8,1	184,8,1						176,8,1	176,8,1	96,8,1												
Ph«n Æ«u 79	120,8,1	120,8,1							120,8,1	120,8,1	88,8,1	88,8,1						248,8,1	248,8,1	96,8,1						96,8,1	96,8,1	88,8,1					104,8,1	104,8,1	56,8,1					104,8,1	104,8,1	120,8,1								232,8,1	192,8,1	232,8,1	192,8,1	80,8,1	184,8,1						176,8,1	176,8,1	96,8,1												
Ph«n Æ«u 80	120,8,1	120,8,1							120,8,1	120,8,1	88,8,1	88,8,1						248,8,1	248,8,1	96,8,1						96,8,1	96,8,1	88,8,1					104,8,1	104,8,1	56,8,1					104,8,1	104,8,1	120,8,1								232,8,1	192,8,1	232,8,1	192,8,1	80,8,1	184,8,1						176,8,1	176,8,1	96,8,1												
Ph«n Æ«u 81	120,8,1	120,8,1							120,8,1	120,8,1	88,8,1	88,8,1						248,8,1	248,8,1	96,8,1						96,8,1	96,8,1	88,8,1					104,8,1	104,8,1	56,8,1					104,8,1	104,8,1	120,8,1								232,8,1	192,8,1	232,8,1	192,8,1	80,8,1	184,8,1						176,8,1	176,8,1	96,8,1												
Nguy÷t Khuy’t Tr‰ng Ki’p T®ng M∑o	120,8,1	120,8,1	120,8,1	120,8,1	88,8,1	88,8,1	88,8,1	88,8,1	120,8,1	120,8,1	88,8,1	88,8,1	120,8,1	120,8,1	120,8,1	120,8,1	120,8,1	248,8,1	248,8,1	96,8,1	88,8,1	88,8,1	88,8,1	88,8,1	88,8,1	96,8,1	96,8,1	88,8,1	72,8,1	64,8,1	56,8,1	96,8,1	104,8,1	104,8,1	56,8,1	96,8,1	88,8,1	120,8,1	144,8,1	104,8,1	104,8,1	120,8,1	144,8,1	128,8,1	112,8,1	96,8,1	96,8,1	128,8,1	96,8,1	232,8,1	192,8,1	232,8,1	192,8,1	80,8,1	184,8,1	128,8,1	96,8,1	96,8,1	104,8,1	128,8,1	176,8,1	176,8,1	96,8,1	72,8,1	160,8,1	112,8,1	96,8,1	80,8,1	96,8,1	112,8,1	96,8,1	48,8,1	112,8,1	112,8,1	112,8,1
Nguy÷t Khuy’t S∏t Ki’p T®ng M∑o	120,8,1	120,8,1	120,8,1	120,8,1	88,8,1	88,8,1	88,8,1	88,8,1	120,8,1	120,8,1	88,8,1	88,8,1	120,8,1	120,8,1	120,8,1	120,8,1	120,8,1	248,8,1	248,8,1	96,8,1	88,8,1	88,8,1	88,8,1	88,8,1	88,8,1	96,8,1	96,8,1	88,8,1	72,8,1	64,8,1	56,8,1	96,8,1	104,8,1	104,8,1	56,8,1	96,8,1	88,8,1	120,8,1	144,8,1	104,8,1	104,8,1	120,8,1	144,8,1	128,8,1	112,8,1	96,8,1	96,8,1	128,8,1	96,8,1	232,8,1	192,8,1	232,8,1	192,8,1	80,8,1	184,8,1	128,8,1	96,8,1	96,8,1	104,8,1	128,8,1	176,8,1	176,8,1	96,8,1	72,8,1	160,8,1	112,8,1	96,8,1	80,8,1	96,8,1	112,8,1	96,8,1	48,8,1	112,8,1	112,8,1	112,8,1
Nguy÷t Khuy’t Ph∏ Ki’p T®ng M∑o	120,8,1	120,8,1	120,8,1	120,8,1	88,8,1	88,8,1	88,8,1	88,8,1	120,8,1	120,8,1	88,8,1	88,8,1	120,8,1	120,8,1	120,8,1	120,8,1	120,8,1	248,8,1	248,8,1	96,8,1	88,8,1	88,8,1	88,8,1	88,8,1	88,8,1	96,8,1	96,8,1	88,8,1	72,8,1	64,8,1	56,8,1	96,8,1	104,8,1	104,8,1	56,8,1	96,8,1	88,8,1	120,8,1	144,8,1	104,8,1	104,8,1	120,8,1	144,8,1	128,8,1	112,8,1	96,8,1	96,8,1	128,8,1	96,8,1	232,8,1	192,8,1	232,8,1	192,8,1	80,8,1	184,8,1	128,8,1	96,8,1	96,8,1	104,8,1	128,8,1	176,8,1	176,8,1	96,8,1	72,8,1	160,8,1	112,8,1	96,8,1	80,8,1	96,8,1	112,8,1	96,8,1	48,8,1	112,8,1	112,8,1	112,8,1
Nguy÷t Khuy’t Ph n VÚ Kh´i	120,8,1	120,8,1	120,8,1	120,8,1	88,8,1	88,8,1	88,8,1	88,8,1	120,8,1	120,8,1	88,8,1	88,8,1	120,8,1	120,8,1	120,8,1	120,8,1	120,8,1	248,8,1	248,8,1	96,8,1	88,8,1	88,8,1	88,8,1	88,8,1	88,8,1	96,8,1	96,8,1	88,8,1	72,8,1	64,8,1	56,8,1	96,8,1	104,8,1	104,8,1	56,8,1	96,8,1	88,8,1	120,8,1	144,8,1	104,8,1	104,8,1	120,8,1	144,8,1	128,8,1	112,8,1	96,8,1	96,8,1	128,8,1	96,8,1	232,8,1	192,8,1	232,8,1	192,8,1	80,8,1	184,8,1	128,8,1	96,8,1	96,8,1	104,8,1	128,8,1	176,8,1	176,8,1	96,8,1	72,8,1	160,8,1	112,8,1	96,8,1	80,8,1	96,8,1	112,8,1	96,8,1	48,8,1	112,8,1	112,8,1	112,8,1
Nguy÷t Khuy’t Phong Y™n Kh´i	120,8,1	120,8,1	120,8,1	120,8,1	88,8,1	88,8,1	88,8,1	88,8,1	120,8,1	120,8,1	88,8,1	88,8,1	120,8,1	120,8,1	120,8,1	120,8,1	120,8,1	248,8,1	248,8,1	96,8,1	88,8,1	88,8,1	88,8,1	88,8,1	88,8,1	96,8,1	96,8,1	88,8,1	72,8,1	64,8,1	56,8,1	96,8,1	104,8,1	104,8,1	56,8,1	96,8,1	88,8,1	120,8,1	144,8,1	104,8,1	104,8,1	120,8,1	144,8,1	128,8,1	112,8,1	96,8,1	96,8,1	128,8,1	96,8,1	232,8,1	192,8,1	232,8,1	192,8,1	80,8,1	184,8,1	128,8,1	96,8,1	96,8,1	104,8,1	128,8,1	176,8,1	176,8,1	96,8,1	72,8,1	160,8,1	112,8,1	96,8,1	80,8,1	96,8,1	112,8,1	96,8,1	48,8,1	112,8,1	112,8,1	112,8,1
Nguy÷t Khuy’t Tr≠Íng Kh´ng Kh´i	120,8,1	120,8,1	120,8,1	120,8,1	88,8,1	88,8,1	88,8,1	88,8,1	120,8,1	120,8,1	88,8,1	88,8,1	120,8,1	120,8,1	120,8,1	120,8,1	120,8,1	248,8,1	248,8,1	96,8,1	88,8,1	88,8,1	88,8,1	88,8,1	88,8,1	96,8,1	96,8,1	88,8,1	72,8,1	64,8,1	56,8,1	96,8,1	104,8,1	104,8,1	56,8,1	96,8,1	88,8,1	120,8,1	144,8,1	104,8,1	104,8,1	120,8,1	144,8,1	128,8,1	112,8,1	96,8,1	96,8,1	128,8,1	96,8,1	232,8,1	192,8,1	232,8,1	192,8,1	80,8,1	184,8,1	128,8,1	96,8,1	96,8,1	104,8,1	128,8,1	176,8,1	176,8,1	96,8,1	72,8,1	160,8,1	112,8,1	96,8,1	80,8,1	96,8,1	112,8,1	96,8,1	48,8,1	112,8,1	112,8,1	112,8,1
Nguy÷t Khuy’t Kinh HÂng Ph∏t ß∏i	120,8,1	120,8,1							120,8,1	120,8,1	88,8,1	88,8,1						248,8,1	248,8,1	96,8,1						96,8,1	96,8,1	88,8,1					104,8,1	104,8,1	56,8,1					104,8,1	104,8,1	120,8,1								232,8,1	192,8,1	232,8,1	192,8,1	80,8,1	184,8,1						176,8,1	176,8,1	96,8,1												
Nguy÷t Khuy’t Hi”u Nguy÷t Ph∏t ß∏i	120,8,1	120,8,1							120,8,1	120,8,1	88,8,1	88,8,1						248,8,1	248,8,1	96,8,1						96,8,1	96,8,1	88,8,1					104,8,1	104,8,1	56,8,1					104,8,1	104,8,1	120,8,1								232,8,1	192,8,1	232,8,1	192,8,1	80,8,1	184,8,1						176,8,1	176,8,1	96,8,1												
Nguy÷t Khuy’t T≠¨ng T≠ Tr©m	120,8,1	120,8,1							120,8,1	120,8,1	88,8,1	88,8,1						248,8,1	248,8,1	96,8,1						96,8,1	96,8,1	88,8,1					104,8,1	104,8,1	56,8,1					104,8,1	104,8,1	120,8,1								232,8,1	192,8,1	232,8,1	192,8,1	80,8,1	184,8,1						176,8,1	176,8,1	96,8,1												
Nguy÷t Khuy’t Phong Nguy÷t Tr©m	120,8,1	120,8,1							120,8,1	120,8,1	88,8,1	88,8,1						248,8,1	248,8,1	96,8,1						96,8,1	96,8,1	88,8,1					104,8,1	104,8,1	56,8,1					104,8,1	104,8,1	120,8,1								232,8,1	192,8,1	232,8,1	192,8,1	80,8,1	184,8,1						176,8,1	176,8,1	96,8,1												
Nguy÷t Khuy’t B∏ch ßÈc Ph∏t ß∏i	120,8,1	120,8,1	120,8,1	120,8,1	88,8,1	88,8,1	88,8,1	88,8,1	120,8,1	120,8,1	88,8,1	88,8,1	120,8,1	120,8,1	120,8,1	120,8,1	120,8,1	248,8,1	248,8,1	96,8,1	88,8,1	88,8,1	88,8,1	88,8,1	88,8,1	96,8,1	96,8,1	88,8,1	72,8,1	64,8,1	56,8,1	96,8,1	104,8,1	104,8,1	56,8,1	96,8,1	88,8,1	120,8,1	144,8,1	104,8,1	104,8,1	120,8,1	144,8,1	128,8,1	112,8,1	96,8,1	96,8,1	128,8,1	96,8,1	232,8,1	192,8,1	232,8,1	192,8,1	80,8,1	184,8,1	128,8,1	96,8,1	96,8,1	104,8,1	128,8,1	176,8,1	176,8,1	96,8,1	72,8,1	160,8,1	112,8,1	96,8,1	80,8,1	96,8,1	112,8,1	96,8,1	48,8,1	112,8,1	112,8,1	112,8,1
Nguy÷t Khuy’t U Minh Ph∏t ß∏i	120,8,1	120,8,1	120,8,1	120,8,1	88,8,1	88,8,1	88,8,1	88,8,1	120,8,1	120,8,1	88,8,1	88,8,1	120,8,1	120,8,1	120,8,1	120,8,1	120,8,1	248,8,1	248,8,1	96,8,1	88,8,1	88,8,1	88,8,1	88,8,1	88,8,1	96,8,1	96,8,1	88,8,1	72,8,1	64,8,1	56,8,1	96,8,1	104,8,1	104,8,1	56,8,1	96,8,1	88,8,1	120,8,1	144,8,1	104,8,1	104,8,1	120,8,1	144,8,1	128,8,1	112,8,1	96,8,1	96,8,1	128,8,1	96,8,1	232,8,1	192,8,1	232,8,1	192,8,1	80,8,1	184,8,1	128,8,1	96,8,1	96,8,1	104,8,1	128,8,1	176,8,1	176,8,1	96,8,1	72,8,1	160,8,1	112,8,1	96,8,1	80,8,1	96,8,1	112,8,1	96,8,1	48,8,1	112,8,1	112,8,1	112,8,1
Nguy÷t Khuy’t Th´i M÷nh Qu∏n	120,8,1	120,8,1	120,8,1	120,8,1	88,8,1	88,8,1	88,8,1	88,8,1	120,8,1	120,8,1	88,8,1	88,8,1	120,8,1	120,8,1	120,8,1	120,8,1	120,8,1	248,8,1	248,8,1	96,8,1	88,8,1	88,8,1	88,8,1	88,8,1	88,8,1	96,8,1	96,8,1	88,8,1	72,8,1	64,8,1	56,8,1	96,8,1	104,8,1	104,8,1	56,8,1	96,8,1	88,8,1	120,8,1	144,8,1	104,8,1	104,8,1	120,8,1	144,8,1	128,8,1	112,8,1	96,8,1	96,8,1	128,8,1	96,8,1	232,8,1	192,8,1	232,8,1	192,8,1	80,8,1	184,8,1	128,8,1	96,8,1	96,8,1	104,8,1	128,8,1	176,8,1	176,8,1	96,8,1	72,8,1	160,8,1	112,8,1	96,8,1	80,8,1	96,8,1	112,8,1	96,8,1	48,8,1	112,8,1	112,8,1	112,8,1
Nguy÷t Khuy’t B› ßÈc Qu∏n	120,8,1	120,8,1	120,8,1	120,8,1	88,8,1	88,8,1	88,8,1	88,8,1	120,8,1	120,8,1	88,8,1	88,8,1	120,8,1	120,8,1	120,8,1	120,8,1	120,8,1	248,8,1	248,8,1	96,8,1	88,8,1	88,8,1	88,8,1	88,8,1	88,8,1	96,8,1	96,8,1	88,8,1	72,8,1	64,8,1	56,8,1	96,8,1	104,8,1	104,8,1	56,8,1	96,8,1	88,8,1	120,8,1	144,8,1	104,8,1	104,8,1	120,8,1	144,8,1	128,8,1	112,8,1	96,8,1	96,8,1	128,8,1	96,8,1	232,8,1	192,8,1	232,8,1	192,8,1	80,8,1	184,8,1	128,8,1	96,8,1	96,8,1	104,8,1	128,8,1	176,8,1	176,8,1	96,8,1	72,8,1	160,8,1	112,8,1	96,8,1	80,8,1	96,8,1	112,8,1	96,8,1	48,8,1	112,8,1	112,8,1	112,8,1
Nguy÷t Khuy’t Mπn ßÂ Ph∏t Qu∏n	120,8,1	120,8,1	120,8,1	120,8,1	88,8,1	88,8,1	88,8,1	88,8,1	120,8,1	120,8,1	88,8,1	88,8,1	120,8,1	120,8,1	120,8,1	120,8,1	120,8,1	248,8,1	248,8,1	96,8,1	88,8,1	88,8,1	88,8,1	88,8,1	88,8,1	96,8,1	96,8,1	88,8,1	72,8,1	64,8,1	56,8,1	96,8,1	104,8,1	104,8,1	56,8,1	96,8,1	88,8,1	120,8,1	144,8,1	104,8,1	104,8,1	120,8,1	144,8,1	128,8,1	112,8,1	96,8,1	96,8,1	128,8,1	96,8,1	232,8,1	192,8,1	232,8,1	192,8,1	80,8,1	184,8,1	128,8,1	96,8,1	96,8,1	104,8,1	128,8,1	176,8,1	176,8,1	96,8,1	72,8,1	160,8,1	112,8,1	96,8,1	80,8,1	96,8,1	112,8,1	96,8,1	48,8,1	112,8,1	112,8,1	112,8,1
Nguy÷t Khuy’t X›ch Long ß«u Hoµn	120,8,1	120,8,1	120,8,1	120,8,1	88,8,1	88,8,1	88,8,1	88,8,1	120,8,1	120,8,1	88,8,1	88,8,1	120,8,1	120,8,1	120,8,1	120,8,1	120,8,1	248,8,1	248,8,1	96,8,1	88,8,1	88,8,1	88,8,1	88,8,1	88,8,1	96,8,1	96,8,1	88,8,1	72,8,1	64,8,1	56,8,1	96,8,1	104,8,1	104,8,1	56,8,1	96,8,1	88,8,1	120,8,1	144,8,1	104,8,1	104,8,1	120,8,1	144,8,1	128,8,1	112,8,1	96,8,1	96,8,1	128,8,1	96,8,1	232,8,1	192,8,1	232,8,1	192,8,1	80,8,1	184,8,1	128,8,1	96,8,1	96,8,1	104,8,1	128,8,1	176,8,1	176,8,1	96,8,1	72,8,1	160,8,1	112,8,1	96,8,1	80,8,1	96,8,1	112,8,1	96,8,1	48,8,1	112,8,1	112,8,1	112,8,1
Nguy÷t Khuy’t Hµo Ki÷t ß«u Hoµn	120,8,1	120,8,1	120,8,1	120,8,1	88,8,1	88,8,1	88,8,1	88,8,1	120,8,1	120,8,1	88,8,1	88,8,1	120,8,1	120,8,1	120,8,1	120,8,1	120,8,1	248,8,1	248,8,1	96,8,1	88,8,1	88,8,1	88,8,1	88,8,1	88,8,1	96,8,1	96,8,1	88,8,1	72,8,1	64,8,1	56,8,1	96,8,1	104,8,1	104,8,1	56,8,1	96,8,1	88,8,1	120,8,1	144,8,1	104,8,1	104,8,1	120,8,1	144,8,1	128,8,1	112,8,1	96,8,1	96,8,1	128,8,1	96,8,1	232,8,1	192,8,1	232,8,1	192,8,1	80,8,1	184,8,1	128,8,1	96,8,1	96,8,1	104,8,1	128,8,1	176,8,1	176,8,1	96,8,1	72,8,1	160,8,1	112,8,1	96,8,1	80,8,1	96,8,1	112,8,1	96,8,1	48,8,1	112,8,1	112,8,1	112,8,1
Nguy÷t Khuy’t Tham Lang Kh´i	120,8,1	120,8,1	120,8,1	120,8,1	88,8,1	88,8,1	88,8,1	88,8,1	120,8,1	120,8,1	88,8,1	88,8,1	120,8,1	120,8,1	120,8,1	120,8,1	120,8,1	248,8,1	248,8,1	96,8,1	88,8,1	88,8,1	88,8,1	88,8,1	88,8,1	96,8,1	96,8,1	88,8,1	72,8,1	64,8,1	56,8,1	96,8,1	104,8,1	104,8,1	56,8,1	96,8,1	88,8,1	120,8,1	144,8,1	104,8,1	104,8,1	120,8,1	144,8,1	128,8,1	112,8,1	96,8,1	96,8,1	128,8,1	96,8,1	232,8,1	192,8,1	232,8,1	192,8,1	80,8,1	184,8,1	128,8,1	96,8,1	96,8,1	104,8,1	128,8,1	176,8,1	176,8,1	96,8,1	72,8,1	160,8,1	112,8,1	96,8,1	80,8,1	96,8,1	112,8,1	96,8,1	48,8,1	112,8,1	112,8,1	112,8,1
Nguy÷t Khuy’t Li÷t D≠¨ng Qu∏n Mi÷n	120,8,1	120,8,1	120,8,1	120,8,1	88,8,1	88,8,1	88,8,1	88,8,1	120,8,1	120,8,1	88,8,1	88,8,1	120,8,1	120,8,1	120,8,1	120,8,1	120,8,1	248,8,1	248,8,1	96,8,1	88,8,1	88,8,1	88,8,1	88,8,1	88,8,1	96,8,1	96,8,1	88,8,1	72,8,1	64,8,1	56,8,1	96,8,1	104,8,1	104,8,1	56,8,1	96,8,1	88,8,1	120,8,1	144,8,1	104,8,1	104,8,1	120,8,1	144,8,1	128,8,1	112,8,1	96,8,1	96,8,1	128,8,1	96,8,1	232,8,1	192,8,1	232,8,1	192,8,1	80,8,1	184,8,1	128,8,1	96,8,1	96,8,1	104,8,1	128,8,1	176,8,1	176,8,1	96,8,1	72,8,1	160,8,1	112,8,1	96,8,1	80,8,1	96,8,1	112,8,1	96,8,1	48,8,1	112,8,1	112,8,1	112,8,1
Nguy÷t Khuy’t Linh ßÈng Qu∏n	120,8,1	120,8,1	120,8,1	120,8,1	88,8,1	88,8,1	88,8,1	88,8,1	120,8,1	120,8,1	88,8,1	88,8,1	120,8,1	120,8,1	120,8,1	120,8,1	120,8,1	248,8,1	248,8,1	96,8,1	88,8,1	88,8,1	88,8,1	88,8,1	88,8,1	96,8,1	96,8,1	88,8,1	72,8,1	64,8,1	56,8,1	96,8,1	104,8,1	104,8,1	56,8,1	96,8,1	88,8,1	120,8,1	144,8,1	104,8,1	104,8,1	120,8,1	144,8,1	128,8,1	112,8,1	96,8,1	96,8,1	128,8,1	96,8,1	232,8,1	192,8,1	232,8,1	192,8,1	80,8,1	184,8,1	128,8,1	96,8,1	96,8,1	104,8,1	128,8,1	176,8,1	176,8,1	96,8,1	72,8,1	160,8,1	112,8,1	96,8,1	80,8,1	96,8,1	112,8,1	96,8,1	48,8,1	112,8,1	112,8,1	112,8,1
Nguy÷t Khuy’t ∂o ∂nh Qu∏n	120,8,1	120,8,1	120,8,1	120,8,1	88,8,1	88,8,1	88,8,1	88,8,1	120,8,1	120,8,1	88,8,1	88,8,1	120,8,1	120,8,1	120,8,1	120,8,1	120,8,1	248,8,1	248,8,1	96,8,1	88,8,1	88,8,1	88,8,1	88,8,1	88,8,1	96,8,1	96,8,1	88,8,1	72,8,1	64,8,1	56,8,1	96,8,1	104,8,1	104,8,1	56,8,1	96,8,1	88,8,1	120,8,1	144,8,1	104,8,1	104,8,1	120,8,1	144,8,1	128,8,1	112,8,1	96,8,1	96,8,1	128,8,1	96,8,1	232,8,1	192,8,1	232,8,1	192,8,1	80,8,1	184,8,1	128,8,1	96,8,1	96,8,1	104,8,1	128,8,1	176,8,1	176,8,1	96,8,1	72,8,1	160,8,1	112,8,1	96,8,1	80,8,1	96,8,1	112,8,1	96,8,1	48,8,1	112,8,1	112,8,1	112,8,1
Nguy÷t Khuy’t L®ng Phong ßπo Qu∏n	120,8,1	120,8,1	120,8,1	120,8,1	88,8,1	88,8,1	88,8,1	88,8,1	120,8,1	120,8,1	88,8,1	88,8,1	120,8,1	120,8,1	120,8,1	120,8,1	120,8,1	248,8,1	248,8,1	96,8,1	88,8,1	88,8,1	88,8,1	88,8,1	88,8,1	96,8,1	96,8,1	88,8,1	72,8,1	64,8,1	56,8,1	96,8,1	104,8,1	104,8,1	56,8,1	96,8,1	88,8,1	120,8,1	144,8,1	104,8,1	104,8,1	120,8,1	144,8,1	128,8,1	112,8,1	96,8,1	96,8,1	128,8,1	96,8,1	232,8,1	192,8,1	232,8,1	192,8,1	80,8,1	184,8,1	128,8,1	96,8,1	96,8,1	104,8,1	128,8,1	176,8,1	176,8,1	96,8,1	72,8,1	160,8,1	112,8,1	96,8,1	80,8,1	96,8,1	112,8,1	96,8,1	48,8,1	112,8,1	112,8,1	112,8,1
Nguy÷t Khuy’t MÈc VÚ ßπo Qu∏n	120,8,1	120,8,1	120,8,1	120,8,1	88,8,1	88,8,1	88,8,1	88,8,1	120,8,1	120,8,1	88,8,1	88,8,1	120,8,1	120,8,1	120,8,1	120,8,1	120,8,1	248,8,1	248,8,1	96,8,1	88,8,1	88,8,1	88,8,1	88,8,1	88,8,1	96,8,1	96,8,1	88,8,1	72,8,1	64,8,1	56,8,1	96,8,1	104,8,1	104,8,1	56,8,1	96,8,1	88,8,1	120,8,1	144,8,1	104,8,1	104,8,1	120,8,1	144,8,1	128,8,1	112,8,1	96,8,1	96,8,1	128,8,1	96,8,1	232,8,1	192,8,1	232,8,1	192,8,1	80,8,1	184,8,1	128,8,1	96,8,1	96,8,1	104,8,1	128,8,1	176,8,1	176,8,1	96,8,1	72,8,1	160,8,1	112,8,1	96,8,1	80,8,1	96,8,1	112,8,1	96,8,1	48,8,1	112,8,1	112,8,1	112,8,1
Nguy÷t Khuy’t DÀt ∂nh Qu∏n	120,8,1	120,8,1	120,8,1	120,8,1	88,8,1	88,8,1	88,8,1	88,8,1	120,8,1	120,8,1	88,8,1	88,8,1	120,8,1	120,8,1	120,8,1	120,8,1	120,8,1	248,8,1	248,8,1	96,8,1	88,8,1	88,8,1	88,8,1	88,8,1	88,8,1	96,8,1	96,8,1	88,8,1	72,8,1	64,8,1	56,8,1	96,8,1	104,8,1	104,8,1	56,8,1	96,8,1	88,8,1	120,8,1	144,8,1	104,8,1	104,8,1	120,8,1	144,8,1	128,8,1	112,8,1	96,8,1	96,8,1	128,8,1	96,8,1	232,8,1	192,8,1	232,8,1	192,8,1	80,8,1	184,8,1	128,8,1	96,8,1	96,8,1	104,8,1	128,8,1	176,8,1	176,8,1	96,8,1	72,8,1	160,8,1	112,8,1	96,8,1	80,8,1	96,8,1	112,8,1	96,8,1	48,8,1	112,8,1	112,8,1	112,8,1
Nguy÷t Khuy’t Thanh Phong Qu∏n	120,8,1	120,8,1	120,8,1	120,8,1	88,8,1	88,8,1	88,8,1	88,8,1	120,8,1	120,8,1	88,8,1	88,8,1	120,8,1	120,8,1	120,8,1	120,8,1	120,8,1	248,8,1	248,8,1	96,8,1	88,8,1	88,8,1	88,8,1	88,8,1	88,8,1	96,8,1	96,8,1	88,8,1	72,8,1	64,8,1	56,8,1	96,8,1	104,8,1	104,8,1	56,8,1	96,8,1	88,8,1	120,8,1	144,8,1	104,8,1	104,8,1	120,8,1	144,8,1	128,8,1	112,8,1	96,8,1	96,8,1	128,8,1	96,8,1	232,8,1	192,8,1	232,8,1	192,8,1	80,8,1	184,8,1	128,8,1	96,8,1	96,8,1	104,8,1	128,8,1	176,8,1	176,8,1	96,8,1	72,8,1	160,8,1	112,8,1	96,8,1	80,8,1	96,8,1	112,8,1	96,8,1	48,8,1	112,8,1	112,8,1	112,8,1
Di÷u D≠¨ng MÈng Long T®ng M∑o	120,8,1	120,8,1	120,8,1	120,8,1	88,8,1	88,8,1	88,8,1	88,8,1	120,8,1	120,8,1	88,8,1	88,8,1	120,8,1	120,8,1	120,8,1	120,8,1	120,8,1	248,8,1	248,8,1	96,8,1	88,8,1	88,8,1	88,8,1	88,8,1	88,8,1	96,8,1	96,8,1	88,8,1	72,8,1	64,8,1	56,8,1	96,8,1	104,8,1	104,8,1	56,8,1	96,8,1	88,8,1	120,8,1	144,8,1	104,8,1	104,8,1	120,8,1	144,8,1	128,8,1	112,8,1	96,8,1	96,8,1	128,8,1	96,8,1	232,8,1	192,8,1	232,8,1	192,8,1	80,8,1	184,8,1	128,8,1	96,8,1	96,8,1	104,8,1	128,8,1	176,8,1	176,8,1	96,8,1	72,8,1	160,8,1	112,8,1	96,8,1	80,8,1	96,8,1	112,8,1	96,8,1	48,8,1	112,8,1	112,8,1	112,8,1
Di÷u D≠¨ng PhÙc Ma T®ng M∑o	120,8,1	120,8,1	120,8,1	120,8,1	88,8,1	88,8,1	88,8,1	88,8,1	120,8,1	120,8,1	88,8,1	88,8,1	120,8,1	120,8,1	120,8,1	120,8,1	120,8,1	248,8,1	248,8,1	96,8,1	88,8,1	88,8,1	88,8,1	88,8,1	88,8,1	96,8,1	96,8,1	88,8,1	72,8,1	64,8,1	56,8,1	96,8,1	104,8,1	104,8,1	56,8,1	96,8,1	88,8,1	120,8,1	144,8,1	104,8,1	104,8,1	120,8,1	144,8,1	128,8,1	112,8,1	96,8,1	96,8,1	128,8,1	96,8,1	232,8,1	192,8,1	232,8,1	192,8,1	80,8,1	184,8,1	128,8,1	96,8,1	96,8,1	104,8,1	128,8,1	176,8,1	176,8,1	96,8,1	72,8,1	160,8,1	112,8,1	96,8,1	80,8,1	96,8,1	112,8,1	96,8,1	48,8,1	112,8,1	112,8,1	112,8,1
Di÷u D≠¨ng T≠ Kh´ng T®ng M∑o	120,8,1	120,8,1	120,8,1	120,8,1	88,8,1	88,8,1	88,8,1	88,8,1	120,8,1	120,8,1	88,8,1	88,8,1	120,8,1	120,8,1	120,8,1	120,8,1	120,8,1	248,8,1	248,8,1	96,8,1	88,8,1	88,8,1	88,8,1	88,8,1	88,8,1	96,8,1	96,8,1	88,8,1	72,8,1	64,8,1	56,8,1	96,8,1	104,8,1	104,8,1	56,8,1	96,8,1	88,8,1	120,8,1	144,8,1	104,8,1	104,8,1	120,8,1	144,8,1	128,8,1	112,8,1	96,8,1	96,8,1	128,8,1	96,8,1	232,8,1	192,8,1	232,8,1	192,8,1	80,8,1	184,8,1	128,8,1	96,8,1	96,8,1	104,8,1	128,8,1	176,8,1	176,8,1	96,8,1	72,8,1	160,8,1	112,8,1	96,8,1	80,8,1	96,8,1	112,8,1	96,8,1	48,8,1	112,8,1	112,8,1	112,8,1
Di÷u D≠¨ng H∏m Thi™n Kh´i	120,8,1	120,8,1	120,8,1	120,8,1	88,8,1	88,8,1	88,8,1	88,8,1	120,8,1	120,8,1	88,8,1	88,8,1	120,8,1	120,8,1	120,8,1	120,8,1	120,8,1	248,8,1	248,8,1	96,8,1	88,8,1	88,8,1	88,8,1	88,8,1	88,8,1	96,8,1	96,8,1	88,8,1	72,8,1	64,8,1	56,8,1	96,8,1	104,8,1	104,8,1	56,8,1	96,8,1	88,8,1	120,8,1	144,8,1	104,8,1	104,8,1	120,8,1	144,8,1	128,8,1	112,8,1	96,8,1	96,8,1	128,8,1	96,8,1	232,8,1	192,8,1	232,8,1	192,8,1	80,8,1	184,8,1	128,8,1	96,8,1	96,8,1	104,8,1	128,8,1	176,8,1	176,8,1	96,8,1	72,8,1	160,8,1	112,8,1	96,8,1	80,8,1	96,8,1	112,8,1	96,8,1	48,8,1	112,8,1	112,8,1	112,8,1
Di÷u D≠¨ng K’ Nghi÷p Kh´i	120,8,1	120,8,1	120,8,1	120,8,1	88,8,1	88,8,1	88,8,1	88,8,1	120,8,1	120,8,1	88,8,1	88,8,1	120,8,1	120,8,1	120,8,1	120,8,1	120,8,1	248,8,1	248,8,1	96,8,1	88,8,1	88,8,1	88,8,1	88,8,1	88,8,1	96,8,1	96,8,1	88,8,1	72,8,1	64,8,1	56,8,1	96,8,1	104,8,1	104,8,1	56,8,1	96,8,1	88,8,1	120,8,1	144,8,1	104,8,1	104,8,1	120,8,1	144,8,1	128,8,1	112,8,1	96,8,1	96,8,1	128,8,1	96,8,1	232,8,1	192,8,1	232,8,1	192,8,1	80,8,1	184,8,1	128,8,1	96,8,1	96,8,1	104,8,1	128,8,1	176,8,1	176,8,1	96,8,1	72,8,1	160,8,1	112,8,1	96,8,1	80,8,1	96,8,1	112,8,1	96,8,1	48,8,1	112,8,1	112,8,1	112,8,1
Di÷u D≠¨ng Ng˘ Long Kh´i	120,8,1	120,8,1	120,8,1	120,8,1	88,8,1	88,8,1	88,8,1	88,8,1	120,8,1	120,8,1	88,8,1	88,8,1	120,8,1	120,8,1	120,8,1	120,8,1	120,8,1	248,8,1	248,8,1	96,8,1	88,8,1	88,8,1	88,8,1	88,8,1	88,8,1	96,8,1	96,8,1	88,8,1	72,8,1	64,8,1	56,8,1	96,8,1	104,8,1	104,8,1	56,8,1	96,8,1	88,8,1	120,8,1	144,8,1	104,8,1	104,8,1	120,8,1	144,8,1	128,8,1	112,8,1	96,8,1	96,8,1	128,8,1	96,8,1	232,8,1	192,8,1	232,8,1	192,8,1	80,8,1	184,8,1	128,8,1	96,8,1	96,8,1	104,8,1	128,8,1	176,8,1	176,8,1	96,8,1	72,8,1	160,8,1	112,8,1	96,8,1	80,8,1	96,8,1	112,8,1	96,8,1	48,8,1	112,8,1	112,8,1	112,8,1
Di÷u D≠¨ng V´ Gian Ph∏t ß∏i	120,8,1	120,8,1							120,8,1	120,8,1	88,8,1	88,8,1						248,8,1	248,8,1	96,8,1						96,8,1	96,8,1	88,8,1					104,8,1	104,8,1	56,8,1					104,8,1	104,8,1	120,8,1								232,8,1	192,8,1	232,8,1	192,8,1	80,8,1	184,8,1						176,8,1	176,8,1	96,8,1												
Di÷u D≠¨ng V´ Ma Ph∏t ß∏i	120,8,1	120,8,1							120,8,1	120,8,1	88,8,1	88,8,1						248,8,1	248,8,1	96,8,1						96,8,1	96,8,1	88,8,1					104,8,1	104,8,1	56,8,1					104,8,1	104,8,1	120,8,1								232,8,1	192,8,1	232,8,1	192,8,1	80,8,1	184,8,1						176,8,1	176,8,1	96,8,1												
Di÷u D≠¨ng T™ Hoµng Tr©m	120,8,1	120,8,1							120,8,1	120,8,1	88,8,1	88,8,1						248,8,1	248,8,1	96,8,1						96,8,1	96,8,1	88,8,1					104,8,1	104,8,1	56,8,1					104,8,1	104,8,1	120,8,1								232,8,1	192,8,1	232,8,1	192,8,1	80,8,1	184,8,1						176,8,1	176,8,1	96,8,1												
Di÷u D≠¨ng B›ch H∂i Tr©m	120,8,1	120,8,1							120,8,1	120,8,1	88,8,1	88,8,1						248,8,1	248,8,1	96,8,1						96,8,1	96,8,1	88,8,1					104,8,1	104,8,1	56,8,1					104,8,1	104,8,1	120,8,1								232,8,1	192,8,1	232,8,1	192,8,1	80,8,1	184,8,1						176,8,1	176,8,1	96,8,1												
Di÷u D≠¨ng U Lung Ph∏t ß∏i	120,8,1	120,8,1	120,8,1	120,8,1	88,8,1	88,8,1	88,8,1	88,8,1	120,8,1	120,8,1	88,8,1	88,8,1	120,8,1	120,8,1	120,8,1	120,8,1	120,8,1	248,8,1	248,8,1	96,8,1	88,8,1	88,8,1	88,8,1	88,8,1	88,8,1	96,8,1	96,8,1	88,8,1	72,8,1	64,8,1	56,8,1	96,8,1	104,8,1	104,8,1	56,8,1	96,8,1	88,8,1	120,8,1	144,8,1	104,8,1	104,8,1	120,8,1	144,8,1	128,8,1	112,8,1	96,8,1	96,8,1	128,8,1	96,8,1	232,8,1	192,8,1	232,8,1	192,8,1	80,8,1	184,8,1	128,8,1	96,8,1	96,8,1	104,8,1	128,8,1	176,8,1	176,8,1	96,8,1	72,8,1	160,8,1	112,8,1	96,8,1	80,8,1	96,8,1	112,8,1	96,8,1	48,8,1	112,8,1	112,8,1	112,8,1
Di÷u D≠¨ng Minh ∂o Ph∏t ß∏i	120,8,1	120,8,1	120,8,1	120,8,1	88,8,1	88,8,1	88,8,1	88,8,1	120,8,1	120,8,1	88,8,1	88,8,1	120,8,1	120,8,1	120,8,1	120,8,1	120,8,1	248,8,1	248,8,1	96,8,1	88,8,1	88,8,1	88,8,1	88,8,1	88,8,1	96,8,1	96,8,1	88,8,1	72,8,1	64,8,1	56,8,1	96,8,1	104,8,1	104,8,1	56,8,1	96,8,1	88,8,1	120,8,1	144,8,1	104,8,1	104,8,1	120,8,1	144,8,1	128,8,1	112,8,1	96,8,1	96,8,1	128,8,1	96,8,1	232,8,1	192,8,1	232,8,1	192,8,1	80,8,1	184,8,1	128,8,1	96,8,1	96,8,1	104,8,1	128,8,1	176,8,1	176,8,1	96,8,1	72,8,1	160,8,1	112,8,1	96,8,1	80,8,1	96,8,1	112,8,1	96,8,1	48,8,1	112,8,1	112,8,1	112,8,1
Di÷u D≠¨ng B®ng Hµn Qu∏n	120,8,1	120,8,1	120,8,1	120,8,1	88,8,1	88,8,1	88,8,1	88,8,1	120,8,1	120,8,1	88,8,1	88,8,1	120,8,1	120,8,1	120,8,1	120,8,1	120,8,1	248,8,1	248,8,1	96,8,1	88,8,1	88,8,1	88,8,1	88,8,1	88,8,1	96,8,1	96,8,1	88,8,1	72,8,1	64,8,1	56,8,1	96,8,1	104,8,1	104,8,1	56,8,1	96,8,1	88,8,1	120,8,1	144,8,1	104,8,1	104,8,1	120,8,1	144,8,1	128,8,1	112,8,1	96,8,1	96,8,1	128,8,1	96,8,1	232,8,1	192,8,1	232,8,1	192,8,1	80,8,1	184,8,1	128,8,1	96,8,1	96,8,1	104,8,1	128,8,1	176,8,1	176,8,1	96,8,1	72,8,1	160,8,1	112,8,1	96,8,1	80,8,1	96,8,1	112,8,1	96,8,1	48,8,1	112,8,1	112,8,1	112,8,1
Di÷u D≠¨ng Thi™n Quang Qu∏n	120,8,1	120,8,1	120,8,1	120,8,1	88,8,1	88,8,1	88,8,1	88,8,1	120,8,1	120,8,1	88,8,1	88,8,1	120,8,1	120,8,1	120,8,1	120,8,1	120,8,1	248,8,1	248,8,1	96,8,1	88,8,1	88,8,1	88,8,1	88,8,1	88,8,1	96,8,1	96,8,1	88,8,1	72,8,1	64,8,1	56,8,1	96,8,1	104,8,1	104,8,1	56,8,1	96,8,1	88,8,1	120,8,1	144,8,1	104,8,1	104,8,1	120,8,1	144,8,1	128,8,1	112,8,1	96,8,1	96,8,1	128,8,1	96,8,1	232,8,1	192,8,1	232,8,1	192,8,1	80,8,1	184,8,1	128,8,1	96,8,1	96,8,1	104,8,1	128,8,1	176,8,1	176,8,1	96,8,1	72,8,1	160,8,1	112,8,1	96,8,1	80,8,1	96,8,1	112,8,1	96,8,1	48,8,1	112,8,1	112,8,1	112,8,1
Di÷u D≠¨ng S©m Hoang Ph∏t Qu∏n	120,8,1	120,8,1	120,8,1	120,8,1	88,8,1	88,8,1	88,8,1	88,8,1	120,8,1	120,8,1	88,8,1	88,8,1	120,8,1	120,8,1	120,8,1	120,8,1	120,8,1	248,8,1	248,8,1	96,8,1	88,8,1	88,8,1	88,8,1	88,8,1	88,8,1	96,8,1	96,8,1	88,8,1	72,8,1	64,8,1	56,8,1	96,8,1	104,8,1	104,8,1	56,8,1	96,8,1	88,8,1	120,8,1	144,8,1	104,8,1	104,8,1	120,8,1	144,8,1	128,8,1	112,8,1	96,8,1	96,8,1	128,8,1	96,8,1	232,8,1	192,8,1	232,8,1	192,8,1	80,8,1	184,8,1	128,8,1	96,8,1	96,8,1	104,8,1	128,8,1	176,8,1	176,8,1	96,8,1	72,8,1	160,8,1	112,8,1	96,8,1	80,8,1	96,8,1	112,8,1	96,8,1	48,8,1	112,8,1	112,8,1	112,8,1
Di÷u D≠¨ng ßÂng Cıu ß«u Hoµn	120,8,1	120,8,1	120,8,1	120,8,1	88,8,1	88,8,1	88,8,1	88,8,1	120,8,1	120,8,1	88,8,1	88,8,1	120,8,1	120,8,1	120,8,1	120,8,1	120,8,1	248,8,1	248,8,1	96,8,1	88,8,1	88,8,1	88,8,1	88,8,1	88,8,1	96,8,1	96,8,1	88,8,1	72,8,1	64,8,1	56,8,1	96,8,1	104,8,1	104,8,1	56,8,1	96,8,1	88,8,1	120,8,1	144,8,1	104,8,1	104,8,1	120,8,1	144,8,1	128,8,1	112,8,1	96,8,1	96,8,1	128,8,1	96,8,1	232,8,1	192,8,1	232,8,1	192,8,1	80,8,1	184,8,1	128,8,1	96,8,1	96,8,1	104,8,1	128,8,1	176,8,1	176,8,1	96,8,1	72,8,1	160,8,1	112,8,1	96,8,1	80,8,1	96,8,1	112,8,1	96,8,1	48,8,1	112,8,1	112,8,1	112,8,1
Di÷u D≠¨ng ßﬁch Kh∏i ß«u Hoµn	120,8,1	120,8,1	120,8,1	120,8,1	88,8,1	88,8,1	88,8,1	88,8,1	120,8,1	120,8,1	88,8,1	88,8,1	120,8,1	120,8,1	120,8,1	120,8,1	120,8,1	248,8,1	248,8,1	96,8,1	88,8,1	88,8,1	88,8,1	88,8,1	88,8,1	96,8,1	96,8,1	88,8,1	72,8,1	64,8,1	56,8,1	96,8,1	104,8,1	104,8,1	56,8,1	96,8,1	88,8,1	120,8,1	144,8,1	104,8,1	104,8,1	120,8,1	144,8,1	128,8,1	112,8,1	96,8,1	96,8,1	128,8,1	96,8,1	232,8,1	192,8,1	232,8,1	192,8,1	80,8,1	184,8,1	128,8,1	96,8,1	96,8,1	104,8,1	128,8,1	176,8,1	176,8,1	96,8,1	72,8,1	160,8,1	112,8,1	96,8,1	80,8,1	96,8,1	112,8,1	96,8,1	48,8,1	112,8,1	112,8,1	112,8,1
Di÷u D≠¨ng Ma S∏t Kh´i	120,8,1	120,8,1	120,8,1	120,8,1	88,8,1	88,8,1	88,8,1	88,8,1	120,8,1	120,8,1	88,8,1	88,8,1	120,8,1	120,8,1	120,8,1	120,8,1	120,8,1	248,8,1	248,8,1	96,8,1	88,8,1	88,8,1	88,8,1	88,8,1	88,8,1	96,8,1	96,8,1	88,8,1	72,8,1	64,8,1	56,8,1	96,8,1	104,8,1	104,8,1	56,8,1	96,8,1	88,8,1	120,8,1	144,8,1	104,8,1	104,8,1	120,8,1	144,8,1	128,8,1	112,8,1	96,8,1	96,8,1	128,8,1	96,8,1	232,8,1	192,8,1	232,8,1	192,8,1	80,8,1	184,8,1	128,8,1	96,8,1	96,8,1	104,8,1	128,8,1	176,8,1	176,8,1	96,8,1	72,8,1	160,8,1	112,8,1	96,8,1	80,8,1	96,8,1	112,8,1	96,8,1	48,8,1	112,8,1	112,8,1	112,8,1
Di÷u D≠¨ng Ma Hoµng Qu∏n Mi÷n	120,8,1	120,8,1	120,8,1	120,8,1	88,8,1	88,8,1	88,8,1	88,8,1	120,8,1	120,8,1	88,8,1	88,8,1	120,8,1	120,8,1	120,8,1	120,8,1	120,8,1	248,8,1	248,8,1	96,8,1	88,8,1	88,8,1	88,8,1	88,8,1	88,8,1	96,8,1	96,8,1	88,8,1	72,8,1	64,8,1	56,8,1	96,8,1	104,8,1	104,8,1	56,8,1	96,8,1	88,8,1	120,8,1	144,8,1	104,8,1	104,8,1	120,8,1	144,8,1	128,8,1	112,8,1	96,8,1	96,8,1	128,8,1	96,8,1	232,8,1	192,8,1	232,8,1	192,8,1	80,8,1	184,8,1	128,8,1	96,8,1	96,8,1	104,8,1	128,8,1	176,8,1	176,8,1	96,8,1	72,8,1	160,8,1	112,8,1	96,8,1	80,8,1	96,8,1	112,8,1	96,8,1	48,8,1	112,8,1	112,8,1	112,8,1
Di÷u D≠¨ng L®ng Nhπc Qu∏n	120,8,1	120,8,1	120,8,1	120,8,1	88,8,1	88,8,1	88,8,1	88,8,1	120,8,1	120,8,1	88,8,1	88,8,1	120,8,1	120,8,1	120,8,1	120,8,1	120,8,1	248,8,1	248,8,1	96,8,1	88,8,1	88,8,1	88,8,1	88,8,1	88,8,1	96,8,1	96,8,1	88,8,1	72,8,1	64,8,1	56,8,1	96,8,1	104,8,1	104,8,1	56,8,1	96,8,1	88,8,1	120,8,1	144,8,1	104,8,1	104,8,1	120,8,1	144,8,1	128,8,1	112,8,1	96,8,1	96,8,1	128,8,1	96,8,1	232,8,1	192,8,1	232,8,1	192,8,1	80,8,1	184,8,1	128,8,1	96,8,1	96,8,1	104,8,1	128,8,1	176,8,1	176,8,1	96,8,1	72,8,1	160,8,1	112,8,1	96,8,1	80,8,1	96,8,1	112,8,1	96,8,1	48,8,1	112,8,1	112,8,1	112,8,1
Di÷u D≠¨ng CÀp Phong Qu∏n	120,8,1	120,8,1	120,8,1	120,8,1	88,8,1	88,8,1	88,8,1	88,8,1	120,8,1	120,8,1	88,8,1	88,8,1	120,8,1	120,8,1	120,8,1	120,8,1	120,8,1	248,8,1	248,8,1	96,8,1	88,8,1	88,8,1	88,8,1	88,8,1	88,8,1	96,8,1	96,8,1	88,8,1	72,8,1	64,8,1	56,8,1	96,8,1	104,8,1	104,8,1	56,8,1	96,8,1	88,8,1	120,8,1	144,8,1	104,8,1	104,8,1	120,8,1	144,8,1	128,8,1	112,8,1	96,8,1	96,8,1	128,8,1	96,8,1	232,8,1	192,8,1	232,8,1	192,8,1	80,8,1	184,8,1	128,8,1	96,8,1	96,8,1	104,8,1	128,8,1	176,8,1	176,8,1	96,8,1	72,8,1	160,8,1	112,8,1	96,8,1	80,8,1	96,8,1	112,8,1	96,8,1	48,8,1	112,8,1	112,8,1	112,8,1
Di÷u D≠¨ng S≠¨ng Tinh ßπo Qu∏n	120,8,1	120,8,1	120,8,1	120,8,1	88,8,1	88,8,1	88,8,1	88,8,1	120,8,1	120,8,1	88,8,1	88,8,1	120,8,1	120,8,1	120,8,1	120,8,1	120,8,1	248,8,1	248,8,1	96,8,1	88,8,1	88,8,1	88,8,1	88,8,1	88,8,1	96,8,1	96,8,1	88,8,1	72,8,1	64,8,1	56,8,1	96,8,1	104,8,1	104,8,1	56,8,1	96,8,1	88,8,1	120,8,1	144,8,1	104,8,1	104,8,1	120,8,1	144,8,1	128,8,1	112,8,1	96,8,1	96,8,1	128,8,1	96,8,1	232,8,1	192,8,1	232,8,1	192,8,1	80,8,1	184,8,1	128,8,1	96,8,1	96,8,1	104,8,1	128,8,1	176,8,1	176,8,1	96,8,1	72,8,1	160,8,1	112,8,1	96,8,1	80,8,1	96,8,1	112,8,1	96,8,1	48,8,1	112,8,1	112,8,1	112,8,1
Di÷u D≠¨ng L´i Khung ßπo Qu∏n	120,8,1	120,8,1	120,8,1	120,8,1	88,8,1	88,8,1	88,8,1	88,8,1	120,8,1	120,8,1	88,8,1	88,8,1	120,8,1	120,8,1	120,8,1	120,8,1	120,8,1	248,8,1	248,8,1	96,8,1	88,8,1	88,8,1	88,8,1	88,8,1	88,8,1	96,8,1	96,8,1	88,8,1	72,8,1	64,8,1	56,8,1	96,8,1	104,8,1	104,8,1	56,8,1	96,8,1	88,8,1	120,8,1	144,8,1	104,8,1	104,8,1	120,8,1	144,8,1	128,8,1	112,8,1	96,8,1	96,8,1	128,8,1	96,8,1	232,8,1	192,8,1	232,8,1	192,8,1	80,8,1	184,8,1	128,8,1	96,8,1	96,8,1	104,8,1	128,8,1	176,8,1	176,8,1	96,8,1	72,8,1	160,8,1	112,8,1	96,8,1	80,8,1	96,8,1	112,8,1	96,8,1	48,8,1	112,8,1	112,8,1	112,8,1
Di÷u D≠¨ng PhÔ V©n Qu∏n	120,8,1	120,8,1	120,8,1	120,8,1	88,8,1	88,8,1	88,8,1	88,8,1	120,8,1	120,8,1	88,8,1	88,8,1	120,8,1	120,8,1	120,8,1	120,8,1	120,8,1	248,8,1	248,8,1	96,8,1	88,8,1	88,8,1	88,8,1	88,8,1	88,8,1	96,8,1	96,8,1	88,8,1	72,8,1	64,8,1	56,8,1	96,8,1	104,8,1	104,8,1	56,8,1	96,8,1	88,8,1	120,8,1	144,8,1	104,8,1	104,8,1	120,8,1	144,8,1	128,8,1	112,8,1	96,8,1	96,8,1	128,8,1	96,8,1	232,8,1	192,8,1	232,8,1	192,8,1	80,8,1	184,8,1	128,8,1	96,8,1	96,8,1	104,8,1	128,8,1	176,8,1	176,8,1	96,8,1	72,8,1	160,8,1	112,8,1	96,8,1	80,8,1	96,8,1	112,8,1	96,8,1	48,8,1	112,8,1	112,8,1	112,8,1
Di÷u D≠¨ng Xung V©n Qu∏n	120,8,1	120,8,1	120,8,1	120,8,1	88,8,1	88,8,1	88,8,1	88,8,1	120,8,1	120,8,1	88,8,1	88,8,1	120,8,1	120,8,1	120,8,1	120,8,1	120,8,1	248,8,1	248,8,1	96,8,1	88,8,1	88,8,1	88,8,1	88,8,1	88,8,1	96,8,1	96,8,1	88,8,1	72,8,1	64,8,1	56,8,1	96,8,1	104,8,1	104,8,1	56,8,1	96,8,1	88,8,1	120,8,1	144,8,1	104,8,1	104,8,1	120,8,1	144,8,1	128,8,1	112,8,1	96,8,1	96,8,1	128,8,1	96,8,1	232,8,1	192,8,1	232,8,1	192,8,1	80,8,1	184,8,1	128,8,1	96,8,1	96,8,1	104,8,1	128,8,1	176,8,1	176,8,1	96,8,1	72,8,1	160,8,1	112,8,1	96,8,1	80,8,1	96,8,1	112,8,1	96,8,1	48,8,1	112,8,1	112,8,1	112,8,1
Anh Hµo La H∏n T®ng M∑o	120,8,1	120,8,1	120,8,1	120,8,1	88,8,1	88,8,1	88,8,1	88,8,1	120,8,1	120,8,1	88,8,1	88,8,1	120,8,1	120,8,1	120,8,1	120,8,1	120,8,1	248,8,1	248,8,1	96,8,1	88,8,1	88,8,1	88,8,1	88,8,1	88,8,1	96,8,1	96,8,1	88,8,1	72,8,1	64,8,1	56,8,1	96,8,1	104,8,1	104,8,1	56,8,1	96,8,1	88,8,1	120,8,1	144,8,1	104,8,1	104,8,1	120,8,1	144,8,1	128,8,1	112,8,1	96,8,1	96,8,1	128,8,1	96,8,1	232,8,1	192,8,1	232,8,1	192,8,1	80,8,1	184,8,1	128,8,1	96,8,1	96,8,1	104,8,1	128,8,1	176,8,1	176,8,1	96,8,1	72,8,1	160,8,1	112,8,1	96,8,1	80,8,1	96,8,1	112,8,1	96,8,1	48,8,1	112,8,1	112,8,1	112,8,1
Anh Hµo PhÀt ßµ T®ng M∑o	120,8,1	120,8,1	120,8,1	120,8,1	88,8,1	88,8,1	88,8,1	88,8,1	120,8,1	120,8,1	88,8,1	88,8,1	120,8,1	120,8,1	120,8,1	120,8,1	120,8,1	248,8,1	248,8,1	96,8,1	88,8,1	88,8,1	88,8,1	88,8,1	88,8,1	96,8,1	96,8,1	88,8,1	72,8,1	64,8,1	56,8,1	96,8,1	104,8,1	104,8,1	56,8,1	96,8,1	88,8,1	120,8,1	144,8,1	104,8,1	104,8,1	120,8,1	144,8,1	128,8,1	112,8,1	96,8,1	96,8,1	128,8,1	96,8,1	232,8,1	192,8,1	232,8,1	192,8,1	80,8,1	184,8,1	128,8,1	96,8,1	96,8,1	104,8,1	128,8,1	176,8,1	176,8,1	96,8,1	72,8,1	160,8,1	112,8,1	96,8,1	80,8,1	96,8,1	112,8,1	96,8,1	48,8,1	112,8,1	112,8,1	112,8,1
Anh Hµo Kim Cang T®ng M∑o	120,8,1	120,8,1	120,8,1	120,8,1	88,8,1	88,8,1	88,8,1	88,8,1	120,8,1	120,8,1	88,8,1	88,8,1	120,8,1	120,8,1	120,8,1	120,8,1	120,8,1	248,8,1	248,8,1	96,8,1	88,8,1	88,8,1	88,8,1	88,8,1	88,8,1	96,8,1	96,8,1	88,8,1	72,8,1	64,8,1	56,8,1	96,8,1	104,8,1	104,8,1	56,8,1	96,8,1	88,8,1	120,8,1	144,8,1	104,8,1	104,8,1	120,8,1	144,8,1	128,8,1	112,8,1	96,8,1	96,8,1	128,8,1	96,8,1	232,8,1	192,8,1	232,8,1	192,8,1	80,8,1	184,8,1	128,8,1	96,8,1	96,8,1	104,8,1	128,8,1	176,8,1	176,8,1	96,8,1	72,8,1	160,8,1	112,8,1	96,8,1	80,8,1	96,8,1	112,8,1	96,8,1	48,8,1	112,8,1	112,8,1	112,8,1
Anh Hµo Tˆ Kim Kh´i	120,8,1	120,8,1	120,8,1	120,8,1	88,8,1	88,8,1	88,8,1	88,8,1	120,8,1	120,8,1	88,8,1	88,8,1	120,8,1	120,8,1	120,8,1	120,8,1	120,8,1	248,8,1	248,8,1	96,8,1	88,8,1	88,8,1	88,8,1	88,8,1	88,8,1	96,8,1	96,8,1	88,8,1	72,8,1	64,8,1	56,8,1	96,8,1	104,8,1	104,8,1	56,8,1	96,8,1	88,8,1	120,8,1	144,8,1	104,8,1	104,8,1	120,8,1	144,8,1	128,8,1	112,8,1	96,8,1	96,8,1	128,8,1	96,8,1	232,8,1	192,8,1	232,8,1	192,8,1	80,8,1	184,8,1	128,8,1	96,8,1	96,8,1	104,8,1	128,8,1	176,8,1	176,8,1	96,8,1	72,8,1	160,8,1	112,8,1	96,8,1	80,8,1	96,8,1	112,8,1	96,8,1	48,8,1	112,8,1	112,8,1	112,8,1
Anh Hµo HÊ ß«u Kh´i	120,8,1	120,8,1	120,8,1	120,8,1	88,8,1	88,8,1	88,8,1	88,8,1	120,8,1	120,8,1	88,8,1	88,8,1	120,8,1	120,8,1	120,8,1	120,8,1	120,8,1	248,8,1	248,8,1	96,8,1	88,8,1	88,8,1	88,8,1	88,8,1	88,8,1	96,8,1	96,8,1	88,8,1	72,8,1	64,8,1	56,8,1	96,8,1	104,8,1	104,8,1	56,8,1	96,8,1	88,8,1	120,8,1	144,8,1	104,8,1	104,8,1	120,8,1	144,8,1	128,8,1	112,8,1	96,8,1	96,8,1	128,8,1	96,8,1	232,8,1	192,8,1	232,8,1	192,8,1	80,8,1	184,8,1	128,8,1	96,8,1	96,8,1	104,8,1	128,8,1	176,8,1	176,8,1	96,8,1	72,8,1	160,8,1	112,8,1	96,8,1	80,8,1	96,8,1	112,8,1	96,8,1	48,8,1	112,8,1	112,8,1	112,8,1
Anh Hµo ßπi L˘c Kh´i	120,8,1	120,8,1	120,8,1	120,8,1	88,8,1	88,8,1	88,8,1	88,8,1	120,8,1	120,8,1	88,8,1	88,8,1	120,8,1	120,8,1	120,8,1	120,8,1	120,8,1	248,8,1	248,8,1	96,8,1	88,8,1	88,8,1	88,8,1	88,8,1	88,8,1	96,8,1	96,8,1	88,8,1	72,8,1	64,8,1	56,8,1	96,8,1	104,8,1	104,8,1	56,8,1	96,8,1	88,8,1	120,8,1	144,8,1	104,8,1	104,8,1	120,8,1	144,8,1	128,8,1	112,8,1	96,8,1	96,8,1	128,8,1	96,8,1	232,8,1	192,8,1	232,8,1	192,8,1	80,8,1	184,8,1	128,8,1	96,8,1	96,8,1	104,8,1	128,8,1	176,8,1	176,8,1	96,8,1	72,8,1	160,8,1	112,8,1	96,8,1	80,8,1	96,8,1	112,8,1	96,8,1	48,8,1	112,8,1	112,8,1	112,8,1
Anh Hµo V´ Sæc Ph∏t ßÌi	120,8,1	120,8,1							120,8,1	120,8,1	88,8,1	88,8,1						248,8,1	248,8,1	96,8,1						96,8,1	96,8,1	88,8,1					104,8,1	104,8,1	56,8,1					104,8,1	104,8,1	120,8,1								232,8,1	192,8,1	232,8,1	192,8,1	80,8,1	184,8,1						176,8,1	176,8,1	96,8,1												
Anh Hµo Tuy’t Sæc Ph∏t ßÌi	120,8,1	120,8,1							120,8,1	120,8,1	88,8,1	88,8,1						248,8,1	248,8,1	96,8,1						96,8,1	96,8,1	88,8,1					104,8,1	104,8,1	56,8,1					104,8,1	104,8,1	120,8,1								232,8,1	192,8,1	232,8,1	192,8,1	80,8,1	184,8,1						176,8,1	176,8,1	96,8,1												
Anh Hµo TË La Tr©m	120,8,1	120,8,1							120,8,1	120,8,1	88,8,1	88,8,1						248,8,1	248,8,1	96,8,1						96,8,1	96,8,1	88,8,1					104,8,1	104,8,1	56,8,1					104,8,1	104,8,1	120,8,1								232,8,1	192,8,1	232,8,1	192,8,1	80,8,1	184,8,1						176,8,1	176,8,1	96,8,1												
Anh Hµo B›ch La Tr©m	120,8,1	120,8,1							120,8,1	120,8,1	88,8,1	88,8,1						248,8,1	248,8,1	96,8,1						96,8,1	96,8,1	88,8,1					104,8,1	104,8,1	56,8,1					104,8,1	104,8,1	120,8,1								232,8,1	192,8,1	232,8,1	192,8,1	80,8,1	184,8,1						176,8,1	176,8,1	96,8,1												
Anh Hµo Ban Lan Ph∏t ßÌi	120,8,1	120,8,1	120,8,1	120,8,1	88,8,1	88,8,1	88,8,1	88,8,1	120,8,1	120,8,1	88,8,1	88,8,1	120,8,1	120,8,1	120,8,1	120,8,1	120,8,1	248,8,1	248,8,1	96,8,1	88,8,1	88,8,1	88,8,1	88,8,1	88,8,1	96,8,1	96,8,1	88,8,1	72,8,1	64,8,1	56,8,1	96,8,1	104,8,1	104,8,1	56,8,1	96,8,1	88,8,1	120,8,1	144,8,1	104,8,1	104,8,1	120,8,1	144,8,1	128,8,1	112,8,1	96,8,1	96,8,1	128,8,1	96,8,1	232,8,1	192,8,1	232,8,1	192,8,1	80,8,1	184,8,1	128,8,1	96,8,1	96,8,1	104,8,1	128,8,1	176,8,1	176,8,1	96,8,1	72,8,1	160,8,1	112,8,1	96,8,1	80,8,1	96,8,1	112,8,1	96,8,1	48,8,1	112,8,1	112,8,1	112,8,1
Anh Hµo LÙc Quang Ph∏t ßÌi	120,8,1	120,8,1	120,8,1	120,8,1	88,8,1	88,8,1	88,8,1	88,8,1	120,8,1	120,8,1	88,8,1	88,8,1	120,8,1	120,8,1	120,8,1	120,8,1	120,8,1	248,8,1	248,8,1	96,8,1	88,8,1	88,8,1	88,8,1	88,8,1	88,8,1	96,8,1	96,8,1	88,8,1	72,8,1	64,8,1	56,8,1	96,8,1	104,8,1	104,8,1	56,8,1	96,8,1	88,8,1	120,8,1	144,8,1	104,8,1	104,8,1	120,8,1	144,8,1	128,8,1	112,8,1	96,8,1	96,8,1	128,8,1	96,8,1	232,8,1	192,8,1	232,8,1	192,8,1	80,8,1	184,8,1	128,8,1	96,8,1	96,8,1	104,8,1	128,8,1	176,8,1	176,8,1	96,8,1	72,8,1	160,8,1	112,8,1	96,8,1	80,8,1	96,8,1	112,8,1	96,8,1	48,8,1	112,8,1	112,8,1	112,8,1
Anh Hµo B› Linh Qu∏n	120,8,1	120,8,1	120,8,1	120,8,1	88,8,1	88,8,1	88,8,1	88,8,1	120,8,1	120,8,1	88,8,1	88,8,1	120,8,1	120,8,1	120,8,1	120,8,1	120,8,1	248,8,1	248,8,1	96,8,1	88,8,1	88,8,1	88,8,1	88,8,1	88,8,1	96,8,1	96,8,1	88,8,1	72,8,1	64,8,1	56,8,1	96,8,1	104,8,1	104,8,1	56,8,1	96,8,1	88,8,1	120,8,1	144,8,1	104,8,1	104,8,1	120,8,1	144,8,1	128,8,1	112,8,1	96,8,1	96,8,1	128,8,1	96,8,1	232,8,1	192,8,1	232,8,1	192,8,1	80,8,1	184,8,1	128,8,1	96,8,1	96,8,1	104,8,1	128,8,1	176,8,1	176,8,1	96,8,1	72,8,1	160,8,1	112,8,1	96,8,1	80,8,1	96,8,1	112,8,1	96,8,1	48,8,1	112,8,1	112,8,1	112,8,1
Anh Hµo Tµn V©n Qu∏n	120,8,1	120,8,1	120,8,1	120,8,1	88,8,1	88,8,1	88,8,1	88,8,1	120,8,1	120,8,1	88,8,1	88,8,1	120,8,1	120,8,1	120,8,1	120,8,1	120,8,1	248,8,1	248,8,1	96,8,1	88,8,1	88,8,1	88,8,1	88,8,1	88,8,1	96,8,1	96,8,1	88,8,1	72,8,1	64,8,1	56,8,1	96,8,1	104,8,1	104,8,1	56,8,1	96,8,1	88,8,1	120,8,1	144,8,1	104,8,1	104,8,1	120,8,1	144,8,1	128,8,1	112,8,1	96,8,1	96,8,1	128,8,1	96,8,1	232,8,1	192,8,1	232,8,1	192,8,1	80,8,1	184,8,1	128,8,1	96,8,1	96,8,1	104,8,1	128,8,1	176,8,1	176,8,1	96,8,1	72,8,1	160,8,1	112,8,1	96,8,1	80,8,1	96,8,1	112,8,1	96,8,1	48,8,1	112,8,1	112,8,1	112,8,1
Anh Hµo Phi Tinh Ph∏t Qu∏n	120,8,1	120,8,1	120,8,1	120,8,1	88,8,1	88,8,1	88,8,1	88,8,1	120,8,1	120,8,1	88,8,1	88,8,1	120,8,1	120,8,1	120,8,1	120,8,1	120,8,1	248,8,1	248,8,1	96,8,1	88,8,1	88,8,1	88,8,1	88,8,1	88,8,1	96,8,1	96,8,1	88,8,1	72,8,1	64,8,1	56,8,1	96,8,1	104,8,1	104,8,1	56,8,1	96,8,1	88,8,1	120,8,1	144,8,1	104,8,1	104,8,1	120,8,1	144,8,1	128,8,1	112,8,1	96,8,1	96,8,1	128,8,1	96,8,1	232,8,1	192,8,1	232,8,1	192,8,1	80,8,1	184,8,1	128,8,1	96,8,1	96,8,1	104,8,1	128,8,1	176,8,1	176,8,1	96,8,1	72,8,1	160,8,1	112,8,1	96,8,1	80,8,1	96,8,1	112,8,1	96,8,1	48,8,1	112,8,1	112,8,1	112,8,1
Anh Hµo Tr≠Íng Phong ß«u Hoµn	120,8,1	120,8,1	120,8,1	120,8,1	88,8,1	88,8,1	88,8,1	88,8,1	120,8,1	120,8,1	88,8,1	88,8,1	120,8,1	120,8,1	120,8,1	120,8,1	120,8,1	248,8,1	248,8,1	96,8,1	88,8,1	88,8,1	88,8,1	88,8,1	88,8,1	96,8,1	96,8,1	88,8,1	72,8,1	64,8,1	56,8,1	96,8,1	104,8,1	104,8,1	56,8,1	96,8,1	88,8,1	120,8,1	144,8,1	104,8,1	104,8,1	120,8,1	144,8,1	128,8,1	112,8,1	96,8,1	96,8,1	128,8,1	96,8,1	232,8,1	192,8,1	232,8,1	192,8,1	80,8,1	184,8,1	128,8,1	96,8,1	96,8,1	104,8,1	128,8,1	176,8,1	176,8,1	96,8,1	72,8,1	160,8,1	112,8,1	96,8,1	80,8,1	96,8,1	112,8,1	96,8,1	48,8,1	112,8,1	112,8,1	112,8,1
Anh Hµo Li™n Hoa ß«u Hoµn	120,8,1	120,8,1	120,8,1	120,8,1	88,8,1	88,8,1	88,8,1	88,8,1	120,8,1	120,8,1	88,8,1	88,8,1	120,8,1	120,8,1	120,8,1	120,8,1	120,8,1	248,8,1	248,8,1	96,8,1	88,8,1	88,8,1	88,8,1	88,8,1	88,8,1	96,8,1	96,8,1	88,8,1	72,8,1	64,8,1	56,8,1	96,8,1	104,8,1	104,8,1	56,8,1	96,8,1	88,8,1	120,8,1	144,8,1	104,8,1	104,8,1	120,8,1	144,8,1	128,8,1	112,8,1	96,8,1	96,8,1	128,8,1	96,8,1	232,8,1	192,8,1	232,8,1	192,8,1	80,8,1	184,8,1	128,8,1	96,8,1	96,8,1	104,8,1	128,8,1	176,8,1	176,8,1	96,8,1	72,8,1	160,8,1	112,8,1	96,8,1	80,8,1	96,8,1	112,8,1	96,8,1	48,8,1	112,8,1	112,8,1	112,8,1
Anh Hµo L÷ ¢m Kh´i	120,8,1	120,8,1	120,8,1	120,8,1	88,8,1	88,8,1	88,8,1	88,8,1	120,8,1	120,8,1	88,8,1	88,8,1	120,8,1	120,8,1	120,8,1	120,8,1	120,8,1	248,8,1	248,8,1	96,8,1	88,8,1	88,8,1	88,8,1	88,8,1	88,8,1	96,8,1	96,8,1	88,8,1	72,8,1	64,8,1	56,8,1	96,8,1	104,8,1	104,8,1	56,8,1	96,8,1	88,8,1	120,8,1	144,8,1	104,8,1	104,8,1	120,8,1	144,8,1	128,8,1	112,8,1	96,8,1	96,8,1	128,8,1	96,8,1	232,8,1	192,8,1	232,8,1	192,8,1	80,8,1	184,8,1	128,8,1	96,8,1	96,8,1	104,8,1	128,8,1	176,8,1	176,8,1	96,8,1	72,8,1	160,8,1	112,8,1	96,8,1	80,8,1	96,8,1	112,8,1	96,8,1	48,8,1	112,8,1	112,8,1	112,8,1
Anh Hµo Nghi÷p H·a Qu∏n Mi÷n	120,8,1	120,8,1	120,8,1	120,8,1	88,8,1	88,8,1	88,8,1	88,8,1	120,8,1	120,8,1	88,8,1	88,8,1	120,8,1	120,8,1	120,8,1	120,8,1	120,8,1	248,8,1	248,8,1	96,8,1	88,8,1	88,8,1	88,8,1	88,8,1	88,8,1	96,8,1	96,8,1	88,8,1	72,8,1	64,8,1	56,8,1	96,8,1	104,8,1	104,8,1	56,8,1	96,8,1	88,8,1	120,8,1	144,8,1	104,8,1	104,8,1	120,8,1	144,8,1	128,8,1	112,8,1	96,8,1	96,8,1	128,8,1	96,8,1	232,8,1	192,8,1	232,8,1	192,8,1	80,8,1	184,8,1	128,8,1	96,8,1	96,8,1	104,8,1	128,8,1	176,8,1	176,8,1	96,8,1	72,8,1	160,8,1	112,8,1	96,8,1	80,8,1	96,8,1	112,8,1	96,8,1	48,8,1	112,8,1	112,8,1	112,8,1
Anh Hµo Th∏i C˘c Qu∏n	120,8,1	120,8,1	120,8,1	120,8,1	88,8,1	88,8,1	88,8,1	88,8,1	120,8,1	120,8,1	88,8,1	88,8,1	120,8,1	120,8,1	120,8,1	120,8,1	120,8,1	248,8,1	248,8,1	96,8,1	88,8,1	88,8,1	88,8,1	88,8,1	88,8,1	96,8,1	96,8,1	88,8,1	72,8,1	64,8,1	56,8,1	96,8,1	104,8,1	104,8,1	56,8,1	96,8,1	88,8,1	120,8,1	144,8,1	104,8,1	104,8,1	120,8,1	144,8,1	128,8,1	112,8,1	96,8,1	96,8,1	128,8,1	96,8,1	232,8,1	192,8,1	232,8,1	192,8,1	80,8,1	184,8,1	128,8,1	96,8,1	96,8,1	104,8,1	128,8,1	176,8,1	176,8,1	96,8,1	72,8,1	160,8,1	112,8,1	96,8,1	80,8,1	96,8,1	112,8,1	96,8,1	48,8,1	112,8,1	112,8,1	112,8,1
Anh Hµo Linh Ch©n Qu∏n	120,8,1	120,8,1	120,8,1	120,8,1	88,8,1	88,8,1	88,8,1	88,8,1	120,8,1	120,8,1	88,8,1	88,8,1	120,8,1	120,8,1	120,8,1	120,8,1	120,8,1	248,8,1	248,8,1	96,8,1	88,8,1	88,8,1	88,8,1	88,8,1	88,8,1	96,8,1	96,8,1	88,8,1	72,8,1	64,8,1	56,8,1	96,8,1	104,8,1	104,8,1	56,8,1	96,8,1	88,8,1	120,8,1	144,8,1	104,8,1	104,8,1	120,8,1	144,8,1	128,8,1	112,8,1	96,8,1	96,8,1	128,8,1	96,8,1	232,8,1	192,8,1	232,8,1	192,8,1	80,8,1	184,8,1	128,8,1	96,8,1	96,8,1	104,8,1	128,8,1	176,8,1	176,8,1	96,8,1	72,8,1	160,8,1	112,8,1	96,8,1	80,8,1	96,8,1	112,8,1	96,8,1	48,8,1	112,8,1	112,8,1	112,8,1
Anh Hµo Bπch HÂng ßπo Qu∏n	120,8,1	120,8,1	120,8,1	120,8,1	88,8,1	88,8,1	88,8,1	88,8,1	120,8,1	120,8,1	88,8,1	88,8,1	120,8,1	120,8,1	120,8,1	120,8,1	120,8,1	248,8,1	248,8,1	96,8,1	88,8,1	88,8,1	88,8,1	88,8,1	88,8,1	96,8,1	96,8,1	88,8,1	72,8,1	64,8,1	56,8,1	96,8,1	104,8,1	104,8,1	56,8,1	96,8,1	88,8,1	120,8,1	144,8,1	104,8,1	104,8,1	120,8,1	144,8,1	128,8,1	112,8,1	96,8,1	96,8,1	128,8,1	96,8,1	232,8,1	192,8,1	232,8,1	192,8,1	80,8,1	184,8,1	128,8,1	96,8,1	96,8,1	104,8,1	128,8,1	176,8,1	176,8,1	96,8,1	72,8,1	160,8,1	112,8,1	96,8,1	80,8,1	96,8,1	112,8,1	96,8,1	48,8,1	112,8,1	112,8,1	112,8,1
Anh Hµo Tˆ ßi÷n ßπo Qu∏n	120,8,1	120,8,1	120,8,1	120,8,1	88,8,1	88,8,1	88,8,1	88,8,1	120,8,1	120,8,1	88,8,1	88,8,1	120,8,1	120,8,1	120,8,1	120,8,1	120,8,1	248,8,1	248,8,1	96,8,1	88,8,1	88,8,1	88,8,1	88,8,1	88,8,1	96,8,1	96,8,1	88,8,1	72,8,1	64,8,1	56,8,1	96,8,1	104,8,1	104,8,1	56,8,1	96,8,1	88,8,1	120,8,1	144,8,1	104,8,1	104,8,1	120,8,1	144,8,1	128,8,1	112,8,1	96,8,1	96,8,1	128,8,1	96,8,1	232,8,1	192,8,1	232,8,1	192,8,1	80,8,1	184,8,1	128,8,1	96,8,1	96,8,1	104,8,1	128,8,1	176,8,1	176,8,1	96,8,1	72,8,1	160,8,1	112,8,1	96,8,1	80,8,1	96,8,1	112,8,1	96,8,1	48,8,1	112,8,1	112,8,1	112,8,1
Anh Hµo Th≠¨ng Lan Qu∏n	120,8,1	120,8,1	120,8,1	120,8,1	88,8,1	88,8,1	88,8,1	88,8,1	120,8,1	120,8,1	88,8,1	88,8,1	120,8,1	120,8,1	120,8,1	120,8,1	120,8,1	248,8,1	248,8,1	96,8,1	88,8,1	88,8,1	88,8,1	88,8,1	88,8,1	96,8,1	96,8,1	88,8,1	72,8,1	64,8,1	56,8,1	96,8,1	104,8,1	104,8,1	56,8,1	96,8,1	88,8,1	120,8,1	144,8,1	104,8,1	104,8,1	120,8,1	144,8,1	128,8,1	112,8,1	96,8,1	96,8,1	128,8,1	96,8,1	232,8,1	192,8,1	232,8,1	192,8,1	80,8,1	184,8,1	128,8,1	96,8,1	96,8,1	104,8,1	128,8,1	176,8,1	176,8,1	96,8,1	72,8,1	160,8,1	112,8,1	96,8,1	80,8,1	96,8,1	112,8,1	96,8,1	48,8,1	112,8,1	112,8,1	112,8,1
Anh Hµo B›ch Hoa Qu∏n	120,8,1	120,8,1	120,8,1	120,8,1	88,8,1	88,8,1	88,8,1	88,8,1	120,8,1	120,8,1	88,8,1	88,8,1	120,8,1	120,8,1	120,8,1	120,8,1	120,8,1	248,8,1	248,8,1	96,8,1	88,8,1	88,8,1	88,8,1	88,8,1	88,8,1	96,8,1	96,8,1	88,8,1	72,8,1	64,8,1	56,8,1	96,8,1	104,8,1	104,8,1	56,8,1	96,8,1	88,8,1	120,8,1	144,8,1	104,8,1	104,8,1	120,8,1	144,8,1	128,8,1	112,8,1	96,8,1	96,8,1	128,8,1	96,8,1	232,8,1	192,8,1	232,8,1	192,8,1	80,8,1	184,8,1	128,8,1	96,8,1	96,8,1	104,8,1	128,8,1	176,8,1	176,8,1	96,8,1	72,8,1	160,8,1	112,8,1	96,8,1	80,8,1	96,8,1	112,8,1	96,8,1	48,8,1	112,8,1	112,8,1	112,8,1
BÈ VÚ HÂn 1	120,8,1	120,8,1	120,8,1	120,8,1	88,8,1	88,8,1	88,8,1	88,8,1	120,8,1	120,8,1	88,8,1	88,8,1	120,8,1	120,8,1	120,8,1	120,8,1	120,8,1	248,8,1	248,8,1	96,8,1	88,8,1	88,8,1	88,8,1	88,8,1	88,8,1	96,8,1	96,8,1	88,8,1	72,8,1	64,8,1	56,8,1	96,8,1	104,8,1	104,8,1	56,8,1	104,8,1	96,8,1	128,8,1	144,8,1	104,8,1	104,8,1	120,8,1	144,8,1	128,8,1	112,8,1	96,8,1	96,8,1	128,8,1	96,8,1	232,8,1	192,8,1	232,8,1	192,8,1	80,8,1	184,8,1	128,8,1	96,8,1	96,8,1	104,8,1	128,8,1	176,8,1	176,8,1	96,8,1	72,8,1	160,8,1	112,8,1	96,8,1	80,8,1	96,8,1	112,8,1	96,8,1	48,8,1	112,8,1	112,8,1	112,8,1
BÈ VÚ HÂn 2	120,8,1	120,8,1	120,8,1	120,8,1	88,8,1	88,8,1	88,8,1	88,8,1	120,8,1	120,8,1	88,8,1	88,8,1	120,8,1	120,8,1	120,8,1	120,8,1	120,8,1	248,8,1	248,8,1	96,8,1	88,8,1	88,8,1	88,8,1	88,8,1	88,8,1	96,8,1	96,8,1	88,8,1	72,8,1	64,8,1	56,8,1	96,8,1	104,8,1	104,8,1	56,8,1	104,8,1	96,8,1	128,8,1	144,8,1	104,8,1	104,8,1	120,8,1	144,8,1	128,8,1	112,8,1	96,8,1	96,8,1	128,8,1	96,8,1	232,8,1	192,8,1	232,8,1	192,8,1	80,8,1	184,8,1	128,8,1	96,8,1	96,8,1	104,8,1	128,8,1	176,8,1	176,8,1	96,8,1	72,8,1	160,8,1	112,8,1	96,8,1	80,8,1	96,8,1	112,8,1	96,8,1	48,8,1	112,8,1	112,8,1	112,8,1
BÈ VÚ HÂn Nguy÷t Khuy’t	120,8,1	120,8,1	120,8,1	120,8,1	88,8,1	88,8,1	88,8,1	88,8,1	120,8,1	120,8,1	88,8,1	88,8,1	120,8,1	120,8,1	120,8,1	120,8,1	120,8,1	248,8,1	248,8,1	96,8,1	88,8,1	88,8,1	88,8,1	88,8,1	88,8,1	96,8,1	96,8,1	88,8,1	72,8,1	64,8,1	56,8,1	96,8,1	104,8,1	104,8,1	56,8,1	104,8,1	96,8,1	128,8,1	144,8,1	104,8,1	104,8,1	120,8,1	144,8,1	128,8,1	112,8,1	96,8,1	96,8,1	128,8,1	96,8,1	232,8,1	192,8,1	232,8,1	192,8,1	80,8,1	184,8,1	128,8,1	96,8,1	96,8,1	104,8,1	128,8,1	176,8,1	176,8,1	96,8,1	72,8,1	160,8,1	112,8,1	96,8,1	80,8,1	96,8,1	112,8,1	96,8,1	48,8,1	112,8,1	112,8,1	112,8,1
BÈ VÚ HÂn Di÷u D≠¨ng	120,8,1	120,8,1	120,8,1	120,8,1	88,8,1	88,8,1	88,8,1	88,8,1	120,8,1	120,8,1	88,8,1	88,8,1	120,8,1	120,8,1	120,8,1	120,8,1	120,8,1	248,8,1	248,8,1	96,8,1	88,8,1	88,8,1	88,8,1	88,8,1	88,8,1	96,8,1	96,8,1	88,8,1	72,8,1	64,8,1	56,8,1	96,8,1	104,8,1	104,8,1	56,8,1	104,8,1	96,8,1	128,8,1	144,8,1	104,8,1	104,8,1	120,8,1	144,8,1	128,8,1	112,8,1	96,8,1	96,8,1	128,8,1	96,8,1	232,8,1	192,8,1	232,8,1	192,8,1	80,8,1	184,8,1	128,8,1	96,8,1	96,8,1	104,8,1	128,8,1	176,8,1	176,8,1	96,8,1	72,8,1	160,8,1	112,8,1	96,8,1	80,8,1	96,8,1	112,8,1	96,8,1	48,8,1	112,8,1	112,8,1	112,8,1
BÈ VÚ HÂn Anh Hµo	120,8,1	120,8,1	120,8,1	120,8,1	88,8,1	88,8,1	88,8,1	88,8,1	120,8,1	120,8,1	88,8,1	88,8,1	120,8,1	120,8,1	120,8,1	120,8,1	120,8,1	248,8,1	248,8,1	96,8,1	88,8,1	88,8,1	88,8,1	88,8,1	88,8,1	96,8,1	96,8,1	88,8,1	72,8,1	64,8,1	56,8,1	96,8,1	104,8,1	104,8,1	56,8,1	104,8,1	96,8,1	128,8,1	144,8,1	104,8,1	104,8,1	120,8,1	144,8,1	128,8,1	112,8,1	96,8,1	96,8,1	128,8,1	96,8,1	232,8,1	192,8,1	232,8,1	192,8,1	80,8,1	184,8,1	128,8,1	96,8,1	96,8,1	104,8,1	128,8,1	176,8,1	176,8,1	96,8,1	72,8,1	160,8,1	112,8,1	96,8,1	80,8,1	96,8,1	112,8,1	96,8,1	48,8,1	112,8,1	112,8,1	112,8,1
Â–“£Ã◊◊∞1	120,8,1	120,8,1	120,8,1	120,8,1	88,8,1	88,8,1	88,8,1	88,8,1	120,8,1	120,8,1	88,8,1	88,8,1	120,8,1	120,8,1	120,8,1	120,8,1	120,8,1	248,8,1	248,8,1	96,8,1	88,8,1	88,8,1	88,8,1	88,8,1	88,8,1	96,8,1	96,8,1	88,8,1	72,8,1	64,8,1	56,8,1	96,8,1	104,8,1	104,8,1	56,8,1	104,8,1	96,8,1	128,8,1	144,8,1	104,8,1	104,8,1	120,8,1	144,8,1	128,8,1	112,8,1	96,8,1	96,8,1	128,8,1	96,8,1	232,8,1	192,8,1	232,8,1	192,8,1	80,8,1	184,8,1	128,8,1	96,8,1	96,8,1	104,8,1	128,8,1	176,8,1	176,8,1	96,8,1	72,8,1	160,8,1	112,8,1	96,8,1	80,8,1	96,8,1	112,8,1	96,8,1	48,8,1	112,8,1	112,8,1	112,8,1
Â–“£Ã◊◊∞2	120,8,1	120,8,1	120,8,1	120,8,1	88,8,1	88,8,1	88,8,1	88,8,1	120,8,1	120,8,1	88,8,1	88,8,1	120,8,1	120,8,1	120,8,1	120,8,1	120,8,1	248,8,1	248,8,1	96,8,1	88,8,1	88,8,1	88,8,1	88,8,1	88,8,1	96,8,1	96,8,1	88,8,1	72,8,1	64,8,1	56,8,1	96,8,1	104,8,1	104,8,1	56,8,1	104,8,1	96,8,1	128,8,1	144,8,1	104,8,1	104,8,1	120,8,1	144,8,1	128,8,1	112,8,1	96,8,1	96,8,1	128,8,1	96,8,1	232,8,1	192,8,1	232,8,1	192,8,1	80,8,1	184,8,1	128,8,1	96,8,1	96,8,1	104,8,1	128,8,1	176,8,1	176,8,1	96,8,1	72,8,1	160,8,1	112,8,1	96,8,1	80,8,1	96,8,1	112,8,1	96,8,1	48,8,1	112,8,1	112,8,1	112,8,1
Â–“£Ã◊◊∞3	120,8,1	120,8,1	120,8,1	120,8,1	88,8,1	88,8,1	88,8,1	88,8,1	120,8,1	120,8,1	88,8,1	88,8,1	120,8,1	120,8,1	120,8,1	120,8,1	120,8,1	248,8,1	248,8,1	96,8,1	88,8,1	88,8,1	88,8,1	88,8,1	88,8,1	96,8,1	96,8,1	88,8,1	72,8,1	64,8,1	56,8,1	96,8,1	104,8,1	104,8,1	56,8,1	104,8,1	96,8,1	128,8,1	144,8,1	104,8,1	104,8,1	120,8,1	144,8,1	128,8,1	112,8,1	96,8,1	96,8,1	128,8,1	96,8,1	232,8,1	192,8,1	232,8,1	192,8,1	80,8,1	184,8,1	128,8,1	96,8,1	96,8,1	104,8,1	128,8,1	176,8,1	176,8,1	96,8,1	72,8,1	160,8,1	112,8,1	96,8,1	80,8,1	96,8,1	112,8,1	96,8,1	48,8,1	112,8,1	112,8,1	112,8,1
Â–“£Ã◊◊∞4	120,8,1	120,8,1	120,8,1	120,8,1	88,8,1	88,8,1	88,8,1	88,8,1	120,8,1	120,8,1	88,8,1	88,8,1	120,8,1	120,8,1	120,8,1	120,8,1	120,8,1	248,8,1	248,8,1	96,8,1	88,8,1	88,8,1	88,8,1	88,8,1	88,8,1	96,8,1	96,8,1	88,8,1	72,8,1	64,8,1	56,8,1	96,8,1	104,8,1	104,8,1	56,8,1	104,8,1	96,8,1	128,8,1	144,8,1	104,8,1	104,8,1	120,8,1	144,8,1	128,8,1	112,8,1	96,8,1	96,8,1	128,8,1	96,8,1	232,8,1	192,8,1	232,8,1	192,8,1	80,8,1	184,8,1	128,8,1	96,8,1	96,8,1	104,8,1	128,8,1	176,8,1	176,8,1	96,8,1	72,8,1	160,8,1	112,8,1	96,8,1	80,8,1	96,8,1	112,8,1	96,8,1	48,8,1	112,8,1	112,8,1	112,8,1
