EqName	SwordShieldWFreeStand	ShieldSwordWFreeStand	FreeStand1	FreeStand2	FreeStand3	MeleeWStand	RangeWStand	DoubleWStand	SwordShieldWStand	ShieldSwordWStand	GuqinWStand1	GuqinWStand2	FreeWalk	NormalWalk	MeleeWWalk	RangeWWalk	DoubleWWalk	SwordShieldWWalk	ShieldSwordWWalk	GuqinWWalk	FreeRun	NormalRun	MeleeWRun	RangeWRun	DoubleWRun	SwordShieldWRun	ShieldSwordWRun	GuqinWRun	FreeWound	MeleeWWound	RangeWWound	DoubleWWound	SwordShieldWWound	ShieldSwordWWound	GuqinWWound	FreeDie	MeleeWDie	RangeWDie	DoubleWDie	SwordShieldWDie	ShieldSwordWDie	GuqinWDie	FreeAttack	MeleeWPuncture	MeleeWCut	RangeWPuncture	RangeWCut	DoubleWPull	DoubleWPound	SwordShieldWChop	SwordShieldWCut	ShieldSwordWChop	ShieldSwordWCut	GuqinWPuncture	GuqinWCut	DartThrow	FreeMagic	MeleeWMagic	RangeWMagic	DoubleWMagic	SwordShieldWMagic	ShieldSwordWMagic	GuqinWMagic	SitDown	Jump	RideStand	RideWalk	RideRun	RideCut	RidePuncture	RideMagic	RideWound	RideDie	RideStand1	RideStand2
Ngùa 1																																																																		112,8,1	96,8,1	80,8,1	96,8,1	112,8,1	96,8,1	48,8,1	112,8,1	112,8,1	112,8,1
Ngùa 2																																																																		112,8,1	96,8,1	80,8,1	96,8,1	112,8,1	96,8,1	48,8,1	112,8,1	112,8,1	112,8,1
Ngùa 3																																																																		112,8,1	96,8,1	80,8,1	96,8,1	112,8,1	96,8,1	48,8,1	112,8,1	112,8,1	112,8,1
Ngùa 4																																																																		112,8,1	96,8,1	80,8,1	96,8,1	112,8,1	96,8,1	48,8,1	112,8,1	112,8,1	112,8,1
Ngùa 5																																																																		112,8,1	96,8,1	80,8,1	96,8,1	112,8,1	96,8,1	48,8,1	112,8,1	112,8,1	112,8,1
Ngùa 6																																																																		112,8,1	96,8,1	80,8,1	96,8,1	112,8,1	96,8,1	48,8,1	112,8,1	112,8,1	112,8,1
Ngùa 7																																																																		112,8,1	96,8,1	80,8,1	96,8,1	112,8,1	96,8,1	48,8,1	112,8,1	112,8,1	112,8,1
Ngùa 8																																																																		112,8,1	96,8,1	80,8,1	96,8,1	112,8,1	96,8,1	48,8,1	112,8,1	112,8,1	112,8,1
Ngùa 9																																																																		112,8,1	96,8,1	80,8,1	96,8,1	112,8,1	96,8,1	48,8,1	112,8,1	112,8,1	112,8,1
Ngùa 10																																																																		112,8,1	96,8,1	80,8,1	96,8,1	112,8,1	96,8,1	48,8,1	112,8,1	112,8,1	112,8,1
Ngùa 11																																																																		112,8,1	96,8,1	80,8,1	96,8,1	112,8,1	96,8,1	48,8,1	112,8,1	112,8,1	112,8,1
Ngùa 12																																																																		112,8,1	96,8,1	80,8,1	96,8,1	112,8,1	96,8,1	48,8,1	112,8,1	112,8,1	112,8,1
Ngùa sè 13																																																																		112,8,1	96,8,1	80,8,1	96,8,1	112,8,1	96,8,1	48,8,1	112,8,1	112,8,1	112,8,1
Ngùa 14																																																																		112,8,1	96,8,1	80,8,1	96,8,1	112,8,1	96,8,1	48,8,1	112,8,1	112,8,1	112,8,1
Ngùa 15																																																																		112,8,1	96,8,1	80,8,1	96,8,1	112,8,1	96,8,1	48,8,1	112,8,1	112,8,1	112,8,1
Ngùa 16																																																																		112,8,1	96,8,1	80,8,1	96,8,1	112,8,1	96,8,1	48,8,1	112,8,1	112,8,1	112,8,1
Ngùa 17																																																																		112,8,1	96,8,1	80,8,1	96,8,1	112,8,1	96,8,1	48,8,1	112,8,1	112,8,1	112,8,1
Ngùa 18																																																																		112,8,1	96,8,1	80,8,1	96,8,1	112,8,1	96,8,1	48,8,1	112,8,1	112,8,1	112,8,1
Ngùa 19																																																																		112,8,1	96,8,1	80,8,1	96,8,1	112,8,1	96,8,1	48,8,1	112,8,1	112,8,1	112,8,1
Ngùa 20																																																																		112,8,1	96,8,1	80,8,1	96,8,1	112,8,1	96,8,1	48,8,1	112,8,1	112,8,1	112,8,1
Ngùa 21																																																																		112,8,1	96,8,1	80,8,1	96,8,1	112,8,1	96,8,1	48,8,1	112,8,1	112,8,1	112,8,1
Ngùa 22																																																																		112,8,1	96,8,1	80,8,1	96,8,1	112,8,1	96,8,1	48,8,1	112,8,1	112,8,1	112,8,1
Ngùa 23																																																																		112,8,1	96,8,1	80,8,1	96,8,1	112,8,1	96,8,1	48,8,1	112,8,1	112,8,1	112,8,1
Ngùa 24																																																																		112,8,1	96,8,1	80,8,1	96,8,1	112,8,1	96,8,1	48,8,1	112,8,1	112,8,1	112,8,1
Ngùa 25																																																																		112,8,1	96,8,1	80,8,1	96,8,1	112,8,1	96,8,1	48,8,1	112,8,1	112,8,1	112,8,1
Ngùa 26																																																																		112,8,1	96,8,1	80,8,1	96,8,1	112,8,1	96,8,1	48,8,1	112,8,1	112,8,1	112,8,1
Ngùa 27																																																																		112,8,1	96,8,1	80,8,1	96,8,1	112,8,1	96,8,1	48,8,1	112,8,1	112,8,1	112,8,1
Ngùa 28																																																																		112,8,1	96,8,1	80,8,1	96,8,1	112,8,1	96,8,1	48,8,1	112,8,1	112,8,1	112,8,1
Ngùa 29																																																																		112,8,1	96,8,1	80,8,1	96,8,1	112,8,1	96,8,1	48,8,1	112,8,1	112,8,1	112,8,1
Ngùa 30																																																																		112,8,1	96,8,1	80,8,1	96,8,1	112,8,1	96,8,1	48,8,1	112,8,1	112,8,1	112,8,1
Ngùa 31																																																																		112,8,1	96,8,1	80,8,1	96,8,1	112,8,1	96,8,1	48,8,1	112,8,1	112,8,1	112,8,1
Ngùa 32																																																																		112,8,1	96,8,1	80,8,1	96,8,1	112,8,1	96,8,1	48,8,1	112,8,1	112,8,1	112,8,1
Ngùa 33																																																																		112,8,1	96,8,1	80,8,1	96,8,1	112,8,1	96,8,1	48,8,1	112,8,1	112,8,1	112,8,1
Ngùa 34																																																																		112,8,1	96,8,1	80,8,1	96,8,1	112,8,1	96,8,1	48,8,1	112,8,1	112,8,1	112,8,1
Ngùa 35																																																																		112,8,1	96,8,1	80,8,1	96,8,1	112,8,1	96,8,1	48,8,1	112,8,1	112,8,1	112,8,1
Ngùa 36																																																																		112,8,1	96,8,1	80,8,1	96,8,1	112,8,1	96,8,1	48,8,1	112,8,1	112,8,1	112,8,1
Ngùa 37																																																																		112,8,1	96,8,1	80,8,1	96,8,1	112,8,1	96,8,1	48,8,1	112,8,1	112,8,1	112,8,1
Ngùa 38																																																																		112,8,1	96,8,1	80,8,1	96,8,1	112,8,1	96,8,1	48,8,1	112,8,1	112,8,1	112,8,1
